24 # position of electrodes
#	x	y	z
0	0	0
1	0	0
2	0	0
3	0	0
4	0	0
5	0	0
6	0	0
7	0	0
8	0	0
9	0	0
10	0	0
11	0	0
12	0	0
13	0	0
14	0	0
15	0	0
16	0	0
17	0	0
18	0	0
19	0	0
20	0	0
21	0	0
22	0	0
23	0	0
218 # Number of data
#a	b	m	n	R	ip
1	2	3	4	-4.293367088607595	-4.9101
1	2	4	6	-0.7744212454212454	-2.2136
1	2	6	8	-0.1256587410265986	0.87755
1	2	8	10	-0.06139022353849305	-0.97861
1	2	10	12	-0.03284778514073069	-0.85573
1	2	12	13	-0.015276085443030352	-6.0045
1	2	13	15	-0.023567513537129464	-10.7317
1	2	15	17	-0.01765211293783688	-2.5904
1	2	17	19	-0.009528479112458183	17.7404
1	2	19	21	-0.010286434893014694	-13.3736
1	2	21	22	-0.002849447272570667	-30.0781
1	2	22	23	-0.003184014183654633	14.1077
1	2	23	24	-0.00276562725080239	10.0913
2	3	4	6	-4.414859872611465	-1.8221
2	3	6	8	-0.18554554791814806	0.2433
2	3	8	10	-0.07416539802583116	-0.45693
2	3	10	12	-0.03718934213628861	-0.51487
2	3	12	13	-0.016805621120306233	-4.2495
2	3	13	15	-0.025350945615897087	-7.0546
2	3	15	17	-0.018678126867941146	-1.3847
2	3	17	19	-0.010001053253170984	10.9907
2	3	19	21	-0.010622018333247538	-9.1583
2	3	21	22	-0.002917322418887153	-26.0312
2	3	22	23	-0.0032795745661641966	9.0183
2	3	23	24	-0.002874025700297284	-8.1613
3	4	6	8	-0.4188956043956044	-0.075747
3	4	8	10	-0.11060209967218557	-0.9252
3	4	10	12	-0.05052190488192946	-2.7622
3	4	12	13	-0.022004758625560616	-0.38066
3	4	13	15	-0.03256237178586483	0.94161
3	4	15	17	-0.02337163888631459	-1.878
3	4	17	19	-0.01230881334166906	-6.3787
3	4	19	21	-0.013039487604723643	0.59376
3	4	21	22	-0.003535963730337423	2.4365
3	4	22	23	-0.00395402888116537	-6.483
3	4	23	24	-0.0035129395082277074	4.6429
4	6	8	10	-0.832086500655308	-1.116
4	6	10	12	-0.205778071334214	-1.6143
4	6	12	13	-0.07991729548354574	-1.7052
4	6	13	15	-0.111402366321196	-1.9806
4	6	15	17	-0.07630027869468109	-1.6975
4	6	17	19	-0.039281757141501374	-1.5858
4	6	19	21	-0.03985977075032053	-3.0074
4	6	21	22	-0.01064179509907643	-2.8712
4	6	22	23	-0.012091132306093646	-2.1616
4	6	23	24	-0.010307231544490557	-4.6147
6	8	10	12	-0.6725819134993447	-1.709
6	8	12	13	-0.1507274160753558	-0.78802
6	8	13	15	-0.1782445886573421	-1.1692
6	8	15	17	-0.10856131339998167	-1.1891
6	8	17	19	-0.05215187871839978	-3.0997
6	8	19	21	-0.05121826658441682	-1.169
6	8	21	22	-0.013133543416183701	-0.57735
6	8	22	23	-0.014795548019711374	-3.5634
6	8	23	24	-0.01254639293169016	1.6389
8	10	12	13	-0.6387106227106227	-1.3973
8	10	13	15	-0.41816965899505965	-1.469
8	10	15	17	-0.18804949816598815	-1.1599
8	10	17	19	-0.08131743556819224	-1.6663
8	10	19	21	-0.07409246338426265	-2.1735
8	10	21	22	-0.01876888247520951	-1.6801
8	10	22	23	-0.02045850417894483	-2.2876
8	10	23	24	-0.017190768463917	-1.8994
10	12	13	15	-3.2399097621000825	-1.4101
10	12	15	17	-0.3636896011567659	-1.0523
10	12	17	19	-0.12461243903422145	-1.0067
10	12	19	21	-0.10331505090342108	-2.4923
10	12	21	22	-0.024567654910777014	-2.1726
10	12	22	23	-0.026439863773342027	-1.1757
10	12	23	24	-0.021634749050084067	-2.6297
1	6	8	13	-1.5399342105263156	-1.3259
1	6	10	13	-0.4609482432942955	-1.5968
1	6	12	13	-0.13403501985661975	-1.62
1	6	13	21	-0.4743233851185609	-2.0235
1	6	15	21	-0.28104798857937696	-2.055
1	6	17	21	-0.14502063916023833	-2.393
1	6	19	21	-0.07372722921839012	-2.9929
1	6	21	23	-0.042514781878754494	-2.4464
1	6	22	23	-0.022552482626067755	-2.5461
1	6	23	24	-0.01954698562429997	-2.6574
6	10	12	15	-1.3828604471858135	-1.4327
6	10	13	15	-0.5955442997266442	-1.5095
6	10	15	22	-0.5861178378378378	-1.5139
6	10	17	22	-0.29016817529801653	-1.9012
6	10	19	22	-0.15670121044807814	-2.0928
6	10	21	22	-0.031839056154676124	-1.7066
6	10	23	24	-0.029664878074695852	-1.6052
2	8	10	17	-1.810668407310705	-1.6054
2	8	12	17	-0.8413069705093834	-1.5664
2	8	13	17	-0.5736958307660711	-1.686
2	8	15	17	-0.22639636562371906	-1.4301
2	8	17	23	-0.29212142020438664	-2.1872
2	8	19	23	-0.1784570077564395	-2.6834
2	8	21	23	-0.06433843587069864	-2.3852
2	8	22	23	-0.034068111830368134	-2.2626
2	8	23	24	-0.02918432601880878	-2.344
3	10	12	19	-2.208069892473118	-1.4258
3	10	13	19	-1.3208553016988869	-1.461
3	10	15	19	-0.5802054054054053	-1.4959
3	10	17	19	-0.1849392477603279	-1.8237
3	10	23	24	-0.04349440556323274	-1.0844
19	21	22	23	-5.044579617834395	-2.0179
19	21	23	24	-0.8959945054945055	-1.2689
1	3	4	6	-5.230401968826907	-1.9038
1	3	6	10	-0.4488663772310661	-1.135
1	3	8	10	-0.1361900923052118	-2.6859
1	3	10	13	-0.1024538701174215	-0.88261
1	3	12	13	-0.03205288745257833	-4.0315
1	3	13	17	-0.08538868583945558	-2.2705
1	3	15	17	-0.03645331553434825	-0.6435
1	3	17	21	-0.040705945481863064	3.1468
1	3	19	21	-0.02092814212480113	6.3038
1	3	21	23	-0.012177058138133311	-20.5432
1	3	22	23	-0.006527702842296607	-1.4066
1	3	23	24	-0.0056742584432007545	-8.3113
3	6	8	10	-0.9449741876708169	-1.1535
3	6	10	13	-0.35768022840827984	-1.5169
3	6	12	13	-0.10149097509327418	-1.3851
3	6	13	17	-0.24299149110095491	-1.7185
3	6	15	17	-0.09936846965699207	-1.5956
3	6	17	21	-0.10431309904153353	-2.2499
3	6	19	21	-0.05279574311153259	-2.4764
3	6	21	23	-0.03006296037499636	-2.6285
3	6	22	23	-0.015992499401547993	-2.6257
3	6	23	24	-0.013772818298952704	-1.9977
6	10	12	13	-0.7891327791507526	-1.3397
6	10	13	17	-0.8924818959842001	-1.3605
6	10	15	17	-0.2958398826979472	-1.1516
6	10	17	21	-0.25830397251827714	-2.1324
6	10	19	21	-0.12485118765221243	-2.5677
6	10	21	23	-0.0672747967797405	-1.3198
6	10	22	23	-0.03520158800560064	-2.3679
6	10	23	24	-0.029679788910729785	-1.5458
10	13	15	17	-0.9188187063467962	-1.0448
10	13	17	21	-0.44130273528048214	-1.9673
10	13	19	21	-0.19288632024004365	-2.104
10	13	21	23	-0.0934017333450057	-0.93759
10	13	22	23	-0.04797977608705401	-2.1398
10	13	23	24	-0.039025912010110894	-1.0198
13	17	19	21	-1.5739678372169346	-1.8699
13	17	21	23	-0.41109455958549224	-1.5926
13	17	22	23	-0.19733342739233184	-1.7609
13	17	23	24	-0.1446320194510684	-1.2861
17	21	22	23	-5.315647816750179	-1.9612
17	21	23	24	-1.0494855088744104	-1.0968
2	4	6	8	-0.6055963302752294	-0.36373
2	4	8	12	-0.2727923760177646	-1.0657
2	4	10	12	-0.08777245413876168	-1.1001
2	4	12	15	-0.0963232075636873	-1.5874
2	4	13	15	-0.057807305358448795	-2.3342
2	4	15	19	-0.06456307644208222	-1.4497
2	4	17	19	-0.02240013512372266	1.0982
2	4	19	22	-0.02984037907240807	-1.3582
2	4	21	22	-0.0059841908998956115	35.0352
2	4	23	24	-0.0062705837238648575	-7.6123
4	8	10	12	-0.8844601247128323	-1.8361
4	8	12	15	-0.5205470560964301	-1.5235
4	8	13	15	-0.2904480938416422	-1.787
4	8	15	19	-0.2764194486038933	-1.6715
4	8	17	19	-0.09154632001771199	-2.8433
4	8	19	22	-0.11483666134185302	-2.4824
4	8	21	22	-0.023709575165134857	-10.7451
4	8	23	24	-0.02299817814160675	-0.56426
8	12	13	15	-3.691928504233301	-1.3638
8	12	15	19	-0.7592495062541145	-1.1746
8	12	17	19	-0.20689442815249268	-1.5296
8	12	19	22	-0.22082227919592765	-2.0003
8	12	21	22	-0.04368190748347919	-1.7959
8	12	23	24	-0.038935463057846315	-1.2849
12	15	17	19	-0.8925660491952626	-1.6516
12	15	19	22	-0.5021607015397165	-1.7087
12	15	21	22	-0.08580982151860442	-0.60598
12	15	23	24	-0.06836546083989764	-1.4905
15	19	21	22	-0.6907189395641429	-0.52709
15	19	23	24	-0.2452759331348752	-0.62396
1	4	6	10	-0.9811333847340016	-0.73478
1	4	8	10	-0.24734375	-1.6542
1	4	10	15	-0.2567331613642878	-1.4411
1	4	12	15	-0.1352003344714654	-2.5246
1	4	13	15	-0.08138258575197889	-3.9593
1	4	15	21	-0.12587961079468402	-0.85224
1	4	17	21	-0.06603579127398408	-1.5717
1	4	19	21	-0.03380018633359536	-0.66096
1	4	21	23	-0.0197526543421711	-9.0316
1	4	22	23	-0.010508059838561554	-3.395
1	4	23	24	-0.009155457361544533	-4.7843
4	10	12	15	-1.5817491610738255	-1.4635
4	10	13	15	-0.7108276603367969	-1.5814
4	10	15	21	-0.7110998287252264	-1.6012
4	10	17	21	-0.33843413689195007	-1.9689
4	10	19	21	-0.16510327614330916	-2.2784
4	10	21	23	-0.09012967370822177	-2.5363
4	10	22	23	-0.047350369051778154	-2.2586
4	10	23	24	-0.04017101296146174	-2.1817
10	15	17	21	-1.5325266429840143	-1.6937
10	15	19	21	-0.51814221331998	-1.7691
10	15	21	23	-0.22366391063418065	-1.7504
10	15	22	23	-0.11338457340367472	-1.8213
10	15	23	24	-0.08975085738687165	-1.5137
15	21	22	23	-5.43419689119171	-1.9576
15	21	23	24	-1.14475	-1.2038
2	6	8	12	-1.3192932267564157	-1.3991
2	6	10	12	-0.2931319393042191	-1.6996
2	6	12	17	-0.4047306681049012	-1.6518
2	6	13	17	-0.2871972165947327	-1.5387
2	6	15	17	-0.11795995825030837	-2.1406
2	6	19	22	-0.08019347597584223	-2.9999
2	6	21	22	-0.016948338347921227	14.0913
2	6	23	24	-0.016685307017543862	0.43703
6	12	13	17	-4.534570765661253	-1.345
6	12	15	17	-0.6593622357577928	-0.93619
6	12	19	22	-0.2842917193997469	-2.1139
6	12	21	22	-0.05668046951778359	-4.655
6	12	23	24	-0.051403379867744306	-1.3654
12	17	19	22	-1.902158215010142	-1.7321
12	17	21	22	-0.2349454276376642	-1.7219
12	17	23	24	-0.1626136182427045	-1.2058
17	22	23	24	-3.4199604743083003	-1.1277
