Blocks Model
   1.00
2
Remote electrodes included
C2 remote electrode X, Y and Z location
-25.000,10.000,0.0
P2 remote electrode X, Y and Z location
60.000,0.000,0.0
Exact Geometric factor used
295
1
0
      0.50       1.00      10.13
      1.50       1.00      10.18
      2.50       1.00      10.23
      3.50       1.00      10.31
      4.50       1.00      10.44
      5.50       1.00      10.67
      6.50       1.00      11.13
      7.50       1.00      12.12
      8.50       1.00      14.04
      9.50       1.00      16.12
     10.50       1.00      17.22
     11.50       1.00      17.56
     12.50       1.00      17.28
     13.50       1.00      16.24
     14.50       1.00      14.24
     15.50       1.00      12.44
     16.50       1.00      11.64
     17.50       1.00      11.61
     18.50       1.00      12.58
     19.50       1.00      14.57
     20.50       1.00      14.44
     21.50       1.00      12.23
     22.50       1.00      11.03
     23.50       1.00      10.73
     24.50       1.00      11.09
     25.50       1.00      11.83
     26.50       1.00      11.77
     27.50       1.00      10.90
     28.50       1.00      10.34
     29.50       1.00      10.19
     30.50       1.00      10.14
     31.50       1.00      10.12
     32.50       1.00      10.10
     33.50       1.00      10.08
      1.00       2.00      10.15
      2.00       2.00      10.25
      3.00       2.00      10.38
      4.00       2.00      10.58
      5.00       2.00      10.93
      6.00       2.00      11.54
      7.00       2.00      12.66
      8.00       2.00      14.39
      9.00       2.00      17.10
     10.00       2.00      19.94
     11.00       2.00      21.34
     12.00       2.00      21.40
     13.00       2.00      20.12
     14.00       2.00      17.43
     15.00       2.00      14.93
     16.00       2.00      13.49
     17.00       2.00      12.92
     18.00       2.00      13.32
     19.00       2.00      13.43
     20.00       2.00      13.04
     21.00       2.00      13.00
     22.00       2.00      12.41
     23.00       2.00      11.47
     24.00       2.00      11.35
     25.00       2.00      11.27
     26.00       2.00      11.01
     27.00       2.00      11.04
     28.00       2.00      10.79
     29.00       2.00      10.33
     30.00       2.00      10.16
     31.00       2.00      10.09
     32.00       2.00      10.05
     33.00       2.00      10.02
      1.50       3.00      10.30
      2.50       3.00      10.47
      3.50       3.00      10.72
      4.50       3.00      11.11
      5.50       3.00      11.78
      6.50       3.00      12.81
      7.50       3.00      14.09
      8.50       3.00      15.85
      9.50       3.00      18.59
     10.50       3.00      21.44
     11.50       3.00      22.50
     12.50       3.00      21.62
     13.50       3.00      18.98
     14.50       3.00      16.50
     15.50       3.00      15.12
     16.50       3.00      14.47
     17.50       3.00      14.23
     18.50       3.00      13.26
     19.50       3.00      11.56
     20.50       3.00      11.30
     21.50       3.00      12.36
     22.50       3.00      12.49
     23.50       3.00      11.94
     24.50       3.00      11.30
     25.50       3.00      10.55
     26.50       3.00      10.39
     27.50       3.00      10.73
     28.50       3.00      10.70
     29.50       3.00      10.35
     30.50       3.00      10.18
     31.50       3.00      10.09
     32.50       3.00      10.04
      2.00       4.00      10.50
      3.00       4.00      10.77
      4.00       4.00      11.20
      5.00       4.00      11.85
      6.00       4.00      12.77
      7.00       4.00      13.72
      8.00       4.00      14.82
      9.00       4.00      16.37
     10.00       4.00      18.79
     11.00       4.00      21.11
     12.00       4.00      21.23
     13.00       4.00      19.17
     14.00       4.00      17.06
     15.00       4.00      15.93
     16.00       4.00      15.51
     17.00       4.00      15.28
     18.00       4.00      13.68
     19.00       4.00      11.41
     20.00       4.00      10.36
     21.00       4.00      10.78
     22.00       4.00      12.09
     23.00       4.00      12.61
     24.00       4.00      11.70
     25.00       4.00      10.68
     26.00       4.00      10.22
     27.00       4.00      10.23
     28.00       4.00      10.57
     29.00       4.00      10.61
     30.00       4.00      10.32
     31.00       4.00      10.16
     32.00       4.00      10.07
      2.50       5.00      10.79
      3.50       5.00      11.22
      4.50       5.00      11.85
      5.50       5.00      12.67
      6.50       5.00      13.39
      7.50       5.00      14.10
      8.50       5.00      14.96
      9.50       5.00      16.17
     10.50       5.00      17.98
     11.50       5.00      19.30
     12.50       5.00      18.30
     13.50       5.00      16.82
     14.50       5.00      16.08
     15.50       5.00      15.91
     16.50       5.00      15.89
     17.50       5.00      14.35
     18.50       5.00      11.79
     19.50       5.00      10.45
     20.50       5.00      10.12
     21.50       5.00      10.66
     22.50       5.00      12.03
     23.50       5.00      12.18
     24.50       5.00      11.10
     25.50       5.00      10.46
     26.50       5.00      10.19
     27.50       5.00      10.17
     28.50       5.00      10.47
     29.50       5.00      10.54
     30.50       5.00      10.29
     31.50       5.00      10.13
      3.00       6.00      11.21
      4.00       6.00      11.82
      5.00       6.00      12.54
      6.00       6.00      13.10
      7.00       6.00      13.57
      8.00       6.00      14.06
      9.00       6.00      14.61
     10.00       6.00      15.32
     11.00       6.00      16.26
     12.00       6.00      16.45
     13.00       6.00      15.90
     14.00       6.00      15.66
     15.00       6.00      15.80
     16.00       6.00      15.98
     17.00       6.00      14.67
     18.00       6.00      12.33
     19.00       6.00      10.89
     20.00       6.00      10.29
     21.00       6.00      10.15
     22.00       6.00      10.70
     23.00       6.00      11.58
     24.00       6.00      11.51
     25.00       6.00      10.90
     26.00       6.00      10.46
     27.00       6.00      10.20
     28.00       6.00      10.15
     29.00       6.00      10.39
     30.00       6.00      10.47
     31.00       6.00      10.25
      3.50       7.00      11.76
      4.50       7.00      12.40
      5.50       7.00      12.84
      6.50       7.00      13.16
      7.50       7.00      13.42
      8.50       7.00      13.64
      9.50       7.00      13.80
     10.50       7.00      13.87
     11.50       7.00      13.92
     12.50       7.00      14.29
     13.50       7.00      14.72
     14.50       7.00      15.25
     15.50       7.00      15.66
     16.50       7.00      14.59
     17.50       7.00      12.56
     18.50       7.00      11.40
     19.50       7.00      10.75
     20.50       7.00      10.36
     21.50       7.00      10.26
     22.50       7.00      10.42
     23.50       7.00      10.99
     24.50       7.00      11.27
     25.50       7.00      10.88
     26.50       7.00      10.48
     27.50       7.00      10.21
     28.50       7.00      10.13
     29.50       7.00      10.34
     30.50       7.00      10.41
      4.00       8.00      12.27
      5.00       8.00      12.62
      6.00       8.00      12.83
      7.00       8.00      12.95
      8.00       8.00      12.98
      9.00       8.00      12.87
     10.00       8.00      12.54
     11.00       8.00      12.02
     12.00       8.00      12.23
     13.00       8.00      13.26
     14.00       8.00      14.27
     15.00       8.00      14.99
     16.00       8.00      14.23
     17.00       8.00      12.49
     18.00       8.00      11.59
     19.00       8.00      11.21
     20.00       8.00      10.81
     21.00       8.00      10.48
     22.00       8.00      10.09
     23.00       8.00      10.03
     24.00       8.00      10.78
     25.00       8.00      11.20
     26.00       8.00      10.86
     27.00       8.00      10.48
     28.00       8.00      10.22
     29.00       8.00      10.12
     30.00       8.00      10.29
      4.50       9.00      12.42
      5.50       9.00      12.55
      6.50       9.00      12.58
      7.50       9.00      12.50
      8.50       9.00      12.25
      9.50       9.00      11.74
     10.50       9.00      11.00
     11.50       9.00      10.74
     12.50       9.00      11.46
     13.50       9.00      12.86
     14.50       9.00      13.98
     15.50       9.00      13.59
     16.50       9.00      12.20
     17.50       9.00      11.53
     18.50       9.00      11.36
     19.50       9.00      11.23
     20.50       9.00      10.90
     21.50       9.00      10.33
     22.50       9.00       9.82
     23.50       9.00       9.95
     24.50       9.00      10.73
     25.50       9.00      11.14
     26.50       9.00      10.84
     27.50       9.00      10.48
     28.50       9.00      10.21
     29.50       9.00      10.10
      5.00      10.00      12.32
      6.00      10.00      12.28
      7.00      10.00      12.13
      8.00      10.00      11.80
      9.00      10.00      11.22
     10.00      10.00      10.41
     11.00      10.00       9.97
     12.00      10.00      10.20
     13.00      10.00      11.20
     14.00      10.00      12.60
     15.00      10.00      12.68
     16.00      10.00      11.70
     17.00      10.00      11.28
     18.00      10.00      11.28
     19.00      10.00      11.34
     20.00      10.00      11.28
     21.00      10.00      10.73
     22.00      10.00      10.08
     23.00      10.00       9.79
     24.00      10.00       9.97
     25.00      10.00      10.69
     26.00      10.00      11.09
     27.00      10.00      10.82
     28.00      10.00      10.47
     29.00      10.00      10.21
0
0
0
0
0
0
0
