C:\SAS4000\Projects\lr00001.s4k
2.0
11
15
Type of data(0=apparent resistivity,1=resistance)
0
742     
2
0
4   -80.00     0.00    64.00     0.00   -64.00     0.00   -48.00     0.00      107.294904
4   -80.00     0.00    64.00     0.00   -48.00     0.00   -32.00     0.00       11.848927
4   -80.00     0.00    64.00     0.00   -32.00     0.00   -16.00     0.00        8.904815
4   -80.00     0.00    64.00     0.00   -16.00     0.00     0.00     0.00        9.615501
4   -80.00     0.00    64.00     0.00     0.00     0.00    16.00     0.00        8.406652
4   -80.00     0.00    64.00     0.00    16.00     0.00    32.00     0.00       12.133204
4   -80.00     0.00    64.00     0.00    32.00     0.00    48.00     0.00       62.521326
4   -76.00     0.00    68.00     0.00   -60.00     0.00   -44.00     0.00      131.264435
4   -76.00     0.00    68.00     0.00   -44.00     0.00   -28.00     0.00        8.649909
4   -76.00     0.00    68.00     0.00   -28.00     0.00   -12.00     0.00       10.078095
4   -76.00     0.00    68.00     0.00   -12.00     0.00     4.00     0.00        9.858819
4   -76.00     0.00    68.00     0.00     4.00     0.00    20.00     0.00        8.997479
4   -76.00     0.00    68.00     0.00    20.00     0.00    36.00     0.00       11.963100
4   -76.00     0.00    68.00     0.00    36.00     0.00    52.00     0.00       69.543126
4   -72.00     0.00    72.00     0.00   -56.00     0.00   -40.00     0.00      137.840545
4   -72.00     0.00    72.00     0.00   -40.00     0.00   -24.00     0.00        8.140098
4   -72.00     0.00    72.00     0.00   -24.00     0.00    -8.00     0.00        9.147632
4   -72.00     0.00    72.00     0.00    -8.00     0.00     8.00     0.00        8.910129
4   -72.00     0.00    72.00     0.00     8.00     0.00    24.00     0.00        8.923996
4   -72.00     0.00    72.00     0.00    24.00     0.00    40.00     0.00       11.919417
4   -72.00     0.00    72.00     0.00    40.00     0.00    56.00     0.00       95.991380
4   -68.00     0.00    76.00     0.00   -52.00     0.00   -36.00     0.00       98.856527
4   -68.00     0.00    76.00     0.00   -36.00     0.00   -20.00     0.00        7.516444
4   -68.00     0.00    76.00     0.00   -20.00     0.00    -4.00     0.00        8.408543
4   -68.00     0.00    76.00     0.00    -4.00     0.00    12.00     0.00        8.194041
4   -68.00     0.00    76.00     0.00    12.00     0.00    28.00     0.00        8.117047
4   -68.00     0.00    76.00     0.00    28.00     0.00    44.00     0.00       11.478607
4   -68.00     0.00    76.00     0.00    44.00     0.00    60.00     0.00      103.668676
4   -64.00     0.00    80.00     0.00   -48.00     0.00   -32.00     0.00       63.904717
4   -64.00     0.00    80.00     0.00   -32.00     0.00   -16.00     0.00        6.739566
4   -64.00     0.00    80.00     0.00   -16.00     0.00     0.00     0.00        6.790321
4   -64.00     0.00    80.00     0.00     0.00     0.00    16.00     0.00        5.672288
4   -64.00     0.00    80.00     0.00    16.00     0.00    32.00     0.00        5.103749
4   -64.00     0.00    80.00     0.00    32.00     0.00    48.00     0.00        5.625295
4   -64.00     0.00    80.00     0.00    48.00     0.00    64.00     0.00       28.267422
4   -80.00     0.00    28.00     0.00   -68.00     0.00   -56.00     0.00      172.028746
4   -80.00     0.00    28.00     0.00   -56.00     0.00   -44.00     0.00       49.109636
4   -80.00     0.00    28.00     0.00   -44.00     0.00   -32.00     0.00        9.749655
4   -80.00     0.00    28.00     0.00   -32.00     0.00   -20.00     0.00        9.124687
4   -80.00     0.00    28.00     0.00   -20.00     0.00    -8.00     0.00       10.063709
4   -80.00     0.00    28.00     0.00    -8.00     0.00     4.00     0.00       24.518210
4   -80.00     0.00    28.00     0.00     4.00     0.00    16.00     0.00      163.241533
4   -76.00     0.00    32.00     0.00   -64.00     0.00   -52.00     0.00      207.619494
4   -76.00     0.00    32.00     0.00   -52.00     0.00   -40.00     0.00       41.975512
4   -76.00     0.00    32.00     0.00   -40.00     0.00   -28.00     0.00        8.221326
4   -76.00     0.00    32.00     0.00   -28.00     0.00   -16.00     0.00       12.835456
4   -76.00     0.00    32.00     0.00   -16.00     0.00    -4.00     0.00       10.503588
4   -76.00     0.00    32.00     0.00    -4.00     0.00     8.00     0.00       25.830846
4   -76.00     0.00    32.00     0.00     8.00     0.00    20.00     0.00      173.400861
4   -72.00     0.00    36.00     0.00   -60.00     0.00   -48.00     0.00      225.676933
4   -72.00     0.00    36.00     0.00   -48.00     0.00   -36.00     0.00       31.327686
4   -72.00     0.00    36.00     0.00   -36.00     0.00   -24.00     0.00        8.706995
4   -72.00     0.00    36.00     0.00   -24.00     0.00   -12.00     0.00       10.066681
4   -72.00     0.00    36.00     0.00   -12.00     0.00     0.00     0.00       11.597711
4   -72.00     0.00    36.00     0.00     0.00     0.00    12.00     0.00       38.406710
4   -72.00     0.00    36.00     0.00    12.00     0.00    24.00     0.00      239.251319
4   -68.00     0.00    40.00     0.00   -56.00     0.00   -44.00     0.00      221.943436
4   -68.00     0.00    40.00     0.00   -44.00     0.00   -32.00     0.00       17.234912
4   -68.00     0.00    40.00     0.00   -32.00     0.00   -20.00     0.00        8.592721
4   -68.00     0.00    40.00     0.00   -20.00     0.00    -8.00     0.00        9.566727
4   -68.00     0.00    40.00     0.00    -8.00     0.00     4.00     0.00       12.316388
4   -68.00     0.00    40.00     0.00     4.00     0.00    16.00     0.00       50.311193
4   -68.00     0.00    40.00     0.00    16.00     0.00    28.00     0.00      305.552593
4   -64.00     0.00    44.00     0.00   -52.00     0.00   -40.00     0.00      167.679875
4   -64.00     0.00    44.00     0.00   -40.00     0.00   -28.00     0.00       14.038045
4   -64.00     0.00    44.00     0.00   -28.00     0.00   -16.00     0.00      -15.240738
4   -64.00     0.00    44.00     0.00   -16.00     0.00    -4.00     0.00        9.569810
4   -64.00     0.00    44.00     0.00    -4.00     0.00     8.00     0.00       10.688119
4   -64.00     0.00    44.00     0.00     8.00     0.00    20.00     0.00       47.829897
4   -64.00     0.00    44.00     0.00    20.00     0.00    32.00     0.00      267.689902
4   -60.00     0.00    48.00     0.00   -48.00     0.00   -36.00     0.00      105.865767
4   -60.00     0.00    48.00     0.00   -36.00     0.00   -24.00     0.00        8.364846
4   -60.00     0.00    48.00     0.00   -24.00     0.00   -12.00     0.00        8.341274
4   -60.00     0.00    48.00     0.00   -12.00     0.00     0.00     0.00        8.799185
4   -60.00     0.00    48.00     0.00     0.00     0.00    12.00     0.00       11.443115
4   -60.00     0.00    48.00     0.00    12.00     0.00    24.00     0.00       50.907630
4   -60.00     0.00    48.00     0.00    24.00     0.00    36.00     0.00      238.879214
4   -56.00     0.00    52.00     0.00   -44.00     0.00   -32.00     0.00       39.460302
4   -56.00     0.00    52.00     0.00   -32.00     0.00   -20.00     0.00        6.792226
4   -56.00     0.00    52.00     0.00   -20.00     0.00    -8.00     0.00        7.121731
4   -56.00     0.00    52.00     0.00    -8.00     0.00     4.00     0.00        7.636408
4   -56.00     0.00    52.00     0.00     4.00     0.00    16.00     0.00       10.559103
4   -56.00     0.00    52.00     0.00    16.00     0.00    28.00     0.00       44.339533
4   -56.00     0.00    52.00     0.00    28.00     0.00    40.00     0.00      185.753404
4   -52.00     0.00    56.00     0.00   -40.00     0.00   -28.00     0.00       21.417527
4   -52.00     0.00    56.00     0.00   -28.00     0.00   -16.00     0.00      -29.890461
4   -52.00     0.00    56.00     0.00   -16.00     0.00    -4.00     0.00        5.764914
4   -52.00     0.00    56.00     0.00    -4.00     0.00     8.00     0.00        5.864172
4   -52.00     0.00    56.00     0.00     8.00     0.00    20.00     0.00        9.120128
4   -52.00     0.00    56.00     0.00    20.00     0.00    32.00     0.00       33.603717
4   -52.00     0.00    56.00     0.00    32.00     0.00    44.00     0.00      148.305775
4   -48.00     0.00    60.00     0.00   -36.00     0.00   -24.00     0.00       36.712735
4   -48.00     0.00    60.00     0.00   -24.00     0.00   -12.00     0.00       13.265013
4   -48.00     0.00    60.00     0.00   -12.00     0.00     0.00     0.00        9.245750
4   -48.00     0.00    60.00     0.00     0.00     0.00    12.00     0.00        8.937235
4   -48.00     0.00    60.00     0.00    12.00     0.00    24.00     0.00       10.728085
4   -48.00     0.00    60.00     0.00    24.00     0.00    36.00     0.00       26.652638
4   -48.00     0.00    60.00     0.00    36.00     0.00    48.00     0.00      115.905388
4   -44.00     0.00    64.00     0.00   -32.00     0.00   -20.00     0.00       55.487226
4   -44.00     0.00    64.00     0.00   -20.00     0.00    -8.00     0.00       19.138265
4   -44.00     0.00    64.00     0.00    -8.00     0.00     4.00     0.00       10.933942
4   -44.00     0.00    64.00     0.00     4.00     0.00    16.00     0.00        9.297011
4   -44.00     0.00    64.00     0.00    16.00     0.00    28.00     0.00       11.274337
4   -44.00     0.00    64.00     0.00    28.00     0.00    40.00     0.00       25.090692
4   -44.00     0.00    64.00     0.00    40.00     0.00    52.00     0.00      141.947903
4   -40.00     0.00    68.00     0.00   -28.00     0.00   -16.00     0.00      137.980684
4   -40.00     0.00    68.00     0.00   -16.00     0.00    -4.00     0.00       28.559353
4   -40.00     0.00    68.00     0.00    -4.00     0.00     8.00     0.00       13.943787
4   -40.00     0.00    68.00     0.00     8.00     0.00    20.00     0.00       12.562431
4   -40.00     0.00    68.00     0.00    20.00     0.00    32.00     0.00       13.948861
4   -40.00     0.00    68.00     0.00    32.00     0.00    44.00     0.00       25.984472
4   -40.00     0.00    68.00     0.00    44.00     0.00    56.00     0.00      169.437113
4   -36.00     0.00    72.00     0.00   -24.00     0.00   -12.00     0.00      157.813923
4   -36.00     0.00    72.00     0.00   -12.00     0.00     0.00     0.00       41.078750
4   -36.00     0.00    72.00     0.00     0.00     0.00    12.00     0.00       11.535103
4   -36.00     0.00    72.00     0.00    12.00     0.00    24.00     0.00        9.196785
4   -36.00     0.00    72.00     0.00    24.00     0.00    36.00     0.00       10.631438
4   -36.00     0.00    72.00     0.00    36.00     0.00    48.00     0.00       25.428623
4   -36.00     0.00    72.00     0.00    48.00     0.00    60.00     0.00      210.469251
4   -32.00     0.00    76.00     0.00   -20.00     0.00    -8.00     0.00      186.567353
4   -32.00     0.00    76.00     0.00    -8.00     0.00     4.00     0.00       50.618345
4   -32.00     0.00    76.00     0.00     4.00     0.00    16.00     0.00       10.772255
4   -32.00     0.00    76.00     0.00    16.00     0.00    28.00     0.00        8.633717
4   -32.00     0.00    76.00     0.00    28.00     0.00    40.00     0.00       10.537221
4   -32.00     0.00    76.00     0.00    40.00     0.00    52.00     0.00       26.607093
4   -32.00     0.00    76.00     0.00    52.00     0.00    64.00     0.00      173.574374
4   -28.00     0.00    80.00     0.00   -16.00     0.00    -4.00     0.00      196.875166
4   -28.00     0.00    80.00     0.00    -4.00     0.00     8.00     0.00       48.067453
4   -28.00     0.00    80.00     0.00     8.00     0.00    20.00     0.00       10.041219
4   -28.00     0.00    80.00     0.00    20.00     0.00    32.00     0.00        7.076650
4   -28.00     0.00    80.00     0.00    32.00     0.00    44.00     0.00        7.941312
4   -28.00     0.00    80.00     0.00    44.00     0.00    56.00     0.00       11.636795
4   -28.00     0.00    80.00     0.00    56.00     0.00    68.00     0.00       58.317284
4   -80.00     0.00    -8.00     0.00   -72.00     0.00   -64.00     0.00      285.961439
4   -80.00     0.00    -8.00     0.00   -64.00     0.00   -56.00     0.00      116.684001
4   -80.00     0.00    -8.00     0.00   -56.00     0.00   -48.00     0.00       50.149766
4   -80.00     0.00    -8.00     0.00   -48.00     0.00   -40.00     0.00       18.676285
4   -80.00     0.00    -8.00     0.00   -40.00     0.00   -32.00     0.00       51.353844
4   -80.00     0.00    -8.00     0.00   -32.00     0.00   -24.00     0.00      140.650272
4   -80.00     0.00    -8.00     0.00   -24.00     0.00   -16.00     0.00      349.795203
4   -76.00     0.00    -4.00     0.00   -68.00     0.00   -60.00     0.00      308.067811
4   -76.00     0.00    -4.00     0.00   -60.00     0.00   -52.00     0.00      153.441665
4   -76.00     0.00    -4.00     0.00   -52.00     0.00   -44.00     0.00       43.457243
4   -76.00     0.00    -4.00     0.00   -44.00     0.00   -36.00     0.00       18.403655
4   -76.00     0.00    -4.00     0.00   -36.00     0.00   -28.00     0.00       47.320041
4   -76.00     0.00    -4.00     0.00   -28.00     0.00   -20.00     0.00      131.039696
4   -76.00     0.00    -4.00     0.00   -20.00     0.00   -12.00     0.00      346.692006
4   -72.00     0.00     0.00     0.00   -64.00     0.00   -56.00     0.00      308.218095
4   -72.00     0.00     0.00     0.00   -56.00     0.00   -48.00     0.00      169.865834
4   -72.00     0.00     0.00     0.00   -48.00     0.00   -40.00     0.00       32.293129
4   -72.00     0.00     0.00     0.00   -40.00     0.00   -32.00     0.00       15.649142
4   -72.00     0.00     0.00     0.00   -32.00     0.00   -24.00     0.00       36.545351
4   -72.00     0.00     0.00     0.00   -24.00     0.00   -16.00     0.00      114.574624
4   -72.00     0.00     0.00     0.00   -16.00     0.00    -8.00     0.00      275.657207
4   -68.00     0.00     4.00     0.00   -60.00     0.00   -52.00     0.00      314.750073
4   -68.00     0.00     4.00     0.00   -52.00     0.00   -44.00     0.00      118.218315
4   -68.00     0.00     4.00     0.00   -44.00     0.00   -36.00     0.00       18.462324
4   -68.00     0.00     4.00     0.00   -36.00     0.00   -28.00     0.00       13.105328
4   -68.00     0.00     4.00     0.00   -28.00     0.00   -20.00     0.00       28.549290
4   -68.00     0.00     4.00     0.00   -20.00     0.00   -12.00     0.00       89.301225
4   -68.00     0.00     4.00     0.00   -12.00     0.00    -4.00     0.00      240.278162
4   -64.00     0.00     8.00     0.00   -56.00     0.00   -48.00     0.00      331.218950
4   -64.00     0.00     8.00     0.00   -48.00     0.00   -40.00     0.00       78.377434
4   -64.00     0.00     8.00     0.00   -40.00     0.00   -32.00     0.00       12.099657
4   -64.00     0.00     8.00     0.00   -32.00     0.00   -24.00     0.00       11.689699
4   -64.00     0.00     8.00     0.00   -24.00     0.00   -16.00     0.00       26.907202
4   -64.00     0.00     8.00     0.00   -16.00     0.00    -8.00     0.00       75.273565
4   -64.00     0.00     8.00     0.00    -8.00     0.00     0.00     0.00      299.147028
4   -60.00     0.00    12.00     0.00   -52.00     0.00   -44.00     0.00      237.654420
4   -60.00     0.00    12.00     0.00   -44.00     0.00   -36.00     0.00       37.232083
4   -60.00     0.00    12.00     0.00   -36.00     0.00   -28.00     0.00        9.328417
4   -60.00     0.00    12.00     0.00   -28.00     0.00   -20.00     0.00        9.201670
4   -60.00     0.00    12.00     0.00   -20.00     0.00   -12.00     0.00       22.639175
4   -60.00     0.00    12.00     0.00   -12.00     0.00    -4.00     0.00       68.142004
4   -60.00     0.00    12.00     0.00    -4.00     0.00     4.00     0.00      270.596942
4   -56.00     0.00    16.00     0.00   -48.00     0.00   -40.00     0.00      126.651377
4   -56.00     0.00    16.00     0.00   -40.00     0.00   -32.00     0.00       15.945120
4   -56.00     0.00    16.00     0.00   -32.00     0.00   -24.00     0.00        7.544455
4   -56.00     0.00    16.00     0.00   -24.00     0.00   -16.00     0.00       10.026653
4   -56.00     0.00    16.00     0.00   -16.00     0.00    -8.00     0.00       20.193202
4   -56.00     0.00    16.00     0.00    -8.00     0.00     0.00     0.00       87.205635
4   -56.00     0.00    16.00     0.00     0.00     0.00     8.00     0.00      259.926558
4   -52.00     0.00    20.00     0.00   -44.00     0.00   -36.00     0.00       71.477244
4   -52.00     0.00    20.00     0.00   -36.00     0.00   -28.00     0.00       10.579612
4   -52.00     0.00    20.00     0.00   -28.00     0.00   -20.00     0.00        6.547182
4   -52.00     0.00    20.00     0.00   -20.00     0.00   -12.00     0.00        8.824872
4   -52.00     0.00    20.00     0.00   -12.00     0.00    -4.00     0.00       18.558093
4   -52.00     0.00    20.00     0.00    -4.00     0.00     4.00     0.00       83.343503
4   -52.00     0.00    20.00     0.00     4.00     0.00    12.00     0.00      299.880513
4   -48.00     0.00    24.00     0.00   -40.00     0.00   -32.00     0.00      104.528527
4   -48.00     0.00    24.00     0.00   -32.00     0.00   -24.00     0.00       22.635706
4   -48.00     0.00    24.00     0.00   -24.00     0.00   -16.00     0.00       13.624675
4   -48.00     0.00    24.00     0.00   -16.00     0.00    -8.00     0.00       11.170598
4   -48.00     0.00    24.00     0.00    -8.00     0.00     0.00     0.00       22.722383
4   -48.00     0.00    24.00     0.00     0.00     0.00     8.00     0.00       73.227285
4   -48.00     0.00    24.00     0.00     8.00     0.00    16.00     0.00      283.237492
4   -44.00     0.00    28.00     0.00   -36.00     0.00   -28.00     0.00      105.938520
4   -44.00     0.00    28.00     0.00   -28.00     0.00   -20.00     0.00       40.381300
4   -44.00     0.00    28.00     0.00   -20.00     0.00   -12.00     0.00       19.019111
4   -44.00     0.00    28.00     0.00   -12.00     0.00    -4.00     0.00       12.767299
4   -44.00     0.00    28.00     0.00    -4.00     0.00     4.00     0.00       25.379887
4   -44.00     0.00    28.00     0.00     4.00     0.00    12.00     0.00       97.862358
4   -44.00     0.00    28.00     0.00    12.00     0.00    20.00     0.00      277.732392
4   -40.00     0.00    32.00     0.00   -32.00     0.00   -24.00     0.00      140.064787
4   -40.00     0.00    32.00     0.00   -24.00     0.00   -16.00     0.00       72.255160
4   -40.00     0.00    32.00     0.00   -16.00     0.00    -8.00     0.00       28.077106
4   -40.00     0.00    32.00     0.00    -8.00     0.00     0.00     0.00       17.720661
4   -40.00     0.00    32.00     0.00     0.00     0.00     8.00     0.00       26.857630
4   -40.00     0.00    32.00     0.00     8.00     0.00    16.00     0.00      112.914491
4   -40.00     0.00    32.00     0.00    16.00     0.00    24.00     0.00      327.982317
4   -36.00     0.00    36.00     0.00   -28.00     0.00   -20.00     0.00      213.020854
4   -36.00     0.00    36.00     0.00   -20.00     0.00   -12.00     0.00      107.387359
4   -36.00     0.00    36.00     0.00   -12.00     0.00    -4.00     0.00       39.422358
4   -36.00     0.00    36.00     0.00    -4.00     0.00     4.00     0.00       20.371636
4   -36.00     0.00    36.00     0.00     4.00     0.00    12.00     0.00       39.026850
4   -36.00     0.00    36.00     0.00    12.00     0.00    20.00     0.00      136.256766
4   -36.00     0.00    36.00     0.00    20.00     0.00    28.00     0.00      403.582305
4   -32.00     0.00    40.00     0.00   -24.00     0.00   -16.00     0.00      279.986418
4   -32.00     0.00    40.00     0.00   -16.00     0.00    -8.00     0.00      125.814920
4   -32.00     0.00    40.00     0.00    -8.00     0.00     0.00     0.00       50.503804
4   -32.00     0.00    40.00     0.00     0.00     0.00     8.00     0.00       20.072373
4   -32.00     0.00    40.00     0.00     8.00     0.00    16.00     0.00       52.111858
4   -32.00     0.00    40.00     0.00    16.00     0.00    24.00     0.00      193.441656
4   -32.00     0.00    40.00     0.00    24.00     0.00    32.00     0.00      472.508571
4   -28.00     0.00    44.00     0.00   -20.00     0.00   -12.00     0.00      296.922809
4   -28.00     0.00    44.00     0.00   -12.00     0.00    -4.00     0.00      138.247622
4   -28.00     0.00    44.00     0.00    -4.00     0.00     4.00     0.00       50.596058
4   -28.00     0.00    44.00     0.00     4.00     0.00    12.00     0.00       19.902333
4   -28.00     0.00    44.00     0.00    12.00     0.00    20.00     0.00       47.543336
4   -28.00     0.00    44.00     0.00    20.00     0.00    28.00     0.00      183.035941
4   -28.00     0.00    44.00     0.00    28.00     0.00    36.00     0.00      399.396204
4   -24.00     0.00    48.00     0.00   -16.00     0.00    -8.00     0.00      291.211352
4   -24.00     0.00    48.00     0.00    -8.00     0.00     0.00     0.00      148.007760
4   -24.00     0.00    48.00     0.00     0.00     0.00     8.00     0.00       39.123158
4   -24.00     0.00    48.00     0.00     8.00     0.00    16.00     0.00       19.886924
4   -24.00     0.00    48.00     0.00    16.00     0.00    24.00     0.00       50.492996
4   -24.00     0.00    48.00     0.00    24.00     0.00    32.00     0.00      164.420540
4   -24.00     0.00    48.00     0.00    32.00     0.00    40.00     0.00      347.121335
4   -20.00     0.00    52.00     0.00   -12.00     0.00    -4.00     0.00      315.403625
4   -20.00     0.00    52.00     0.00    -4.00     0.00     4.00     0.00      145.530145
4   -20.00     0.00    52.00     0.00     4.00     0.00    12.00     0.00       30.633977
4   -20.00     0.00    52.00     0.00    12.00     0.00    20.00     0.00       17.058288
4   -20.00     0.00    52.00     0.00    20.00     0.00    28.00     0.00       45.005356
4   -20.00     0.00    52.00     0.00    28.00     0.00    36.00     0.00      130.035876
4   -20.00     0.00    52.00     0.00    36.00     0.00    44.00     0.00      316.883691
4   -16.00     0.00    56.00     0.00    -8.00     0.00     0.00     0.00      362.111373
4   -16.00     0.00    56.00     0.00     0.00     0.00     8.00     0.00      122.466704
4   -16.00     0.00    56.00     0.00     8.00     0.00    16.00     0.00       28.533413
4   -16.00     0.00    56.00     0.00    16.00     0.00    24.00     0.00       15.648039
4   -16.00     0.00    56.00     0.00    24.00     0.00    32.00     0.00       33.608644
4   -16.00     0.00    56.00     0.00    32.00     0.00    40.00     0.00       91.611717
4   -16.00     0.00    56.00     0.00    40.00     0.00    48.00     0.00      264.701807
4   -12.00     0.00    60.00     0.00    -4.00     0.00     4.00     0.00      367.435225
4   -12.00     0.00    60.00     0.00     4.00     0.00    12.00     0.00       92.964712
4   -12.00     0.00    60.00     0.00    12.00     0.00    20.00     0.00       23.986064
4   -12.00     0.00    60.00     0.00    20.00     0.00    28.00     0.00       13.757592
4   -12.00     0.00    60.00     0.00    28.00     0.00    36.00     0.00       25.676381
4   -12.00     0.00    60.00     0.00    36.00     0.00    44.00     0.00       72.534221
4   -12.00     0.00    60.00     0.00    44.00     0.00    52.00     0.00      253.105977
4    -8.00     0.00    64.00     0.00     0.00     0.00     8.00     0.00      292.324064
4    -8.00     0.00    64.00     0.00     8.00     0.00    16.00     0.00       79.630917
4    -8.00     0.00    64.00     0.00    16.00     0.00    24.00     0.00       21.983240
4    -8.00     0.00    64.00     0.00    24.00     0.00    32.00     0.00       12.919215
4    -8.00     0.00    64.00     0.00    32.00     0.00    40.00     0.00       24.425838
4    -8.00     0.00    64.00     0.00    40.00     0.00    48.00     0.00       74.058524
4    -8.00     0.00    64.00     0.00    48.00     0.00    56.00     0.00      333.878469
4    -4.00     0.00    68.00     0.00     4.00     0.00    12.00     0.00      249.757128
4    -4.00     0.00    68.00     0.00    12.00     0.00    20.00     0.00       71.158443
4    -4.00     0.00    68.00     0.00    20.00     0.00    28.00     0.00       20.479292
4    -4.00     0.00    68.00     0.00    28.00     0.00    36.00     0.00       13.307673
4    -4.00     0.00    68.00     0.00    36.00     0.00    44.00     0.00       25.056783
4    -4.00     0.00    68.00     0.00    44.00     0.00    52.00     0.00       83.240751
4    -4.00     0.00    68.00     0.00    52.00     0.00    60.00     0.00      337.433698
4     0.00     0.00    72.00     0.00     8.00     0.00    16.00     0.00      295.893571
4     0.00     0.00    72.00     0.00    16.00     0.00    24.00     0.00       86.725121
4     0.00     0.00    72.00     0.00    24.00     0.00    32.00     0.00       21.279759
4     0.00     0.00    72.00     0.00    32.00     0.00    40.00     0.00       14.396461
4     0.00     0.00    72.00     0.00    40.00     0.00    48.00     0.00       26.268963
4     0.00     0.00    72.00     0.00    48.00     0.00    56.00     0.00      118.587883
4     0.00     0.00    72.00     0.00    56.00     0.00    64.00     0.00      303.125616
4     4.00     0.00    76.00     0.00    12.00     0.00    20.00     0.00      265.948071
4     4.00     0.00    76.00     0.00    20.00     0.00    28.00     0.00       80.726848
4     4.00     0.00    76.00     0.00    28.00     0.00    36.00     0.00       22.264066
4     4.00     0.00    76.00     0.00    36.00     0.00    44.00     0.00       16.571674
4     4.00     0.00    76.00     0.00    44.00     0.00    52.00     0.00       26.938405
4     4.00     0.00    76.00     0.00    52.00     0.00    60.00     0.00      128.779719
4     4.00     0.00    76.00     0.00    60.00     0.00    68.00     0.00      323.217690
4     8.00     0.00    80.00     0.00    16.00     0.00    24.00     0.00      264.634996
4     8.00     0.00    80.00     0.00    24.00     0.00    32.00     0.00       69.868011
4     8.00     0.00    80.00     0.00    32.00     0.00    40.00     0.00       22.224218
4     8.00     0.00    80.00     0.00    40.00     0.00    48.00     0.00       13.795728
4     8.00     0.00    80.00     0.00    48.00     0.00    56.00     0.00       13.134752
4     8.00     0.00    80.00     0.00    56.00     0.00    64.00     0.00       33.759051
4     8.00     0.00    80.00     0.00    64.00     0.00    72.00     0.00       85.399876
4   -80.00     0.00   -44.00     0.00   -76.00     0.00   -72.00     0.00      346.176797
4   -80.00     0.00   -44.00     0.00   -72.00     0.00   -68.00     0.00      292.743103
4   -80.00     0.00   -44.00     0.00   -68.00     0.00   -64.00     0.00      168.513897
4   -80.00     0.00   -44.00     0.00   -64.00     0.00   -60.00     0.00       95.670307
4   -80.00     0.00   -44.00     0.00   -60.00     0.00   -56.00     0.00       59.912224
4   -80.00     0.00   -44.00     0.00   -56.00     0.00   -52.00     0.00       90.429684
4   -80.00     0.00   -44.00     0.00   -52.00     0.00   -48.00     0.00      321.716749
4   -76.00     0.00   -40.00     0.00   -72.00     0.00   -68.00     0.00      382.656612
4   -76.00     0.00   -40.00     0.00   -68.00     0.00   -64.00     0.00      306.400221
4   -76.00     0.00   -40.00     0.00   -64.00     0.00   -60.00     0.00      187.769970
4   -76.00     0.00   -40.00     0.00   -60.00     0.00   -56.00     0.00      100.853859
4   -76.00     0.00   -40.00     0.00   -56.00     0.00   -52.00     0.00       67.338853
4   -76.00     0.00   -40.00     0.00   -52.00     0.00   -48.00     0.00      139.654844
4   -76.00     0.00   -40.00     0.00   -48.00     0.00   -44.00     0.00      274.360818
4   -72.00     0.00   -36.00     0.00   -68.00     0.00   -64.00     0.00      346.207182
4   -72.00     0.00   -36.00     0.00   -64.00     0.00   -60.00     0.00      298.115790
4   -72.00     0.00   -36.00     0.00   -60.00     0.00   -56.00     0.00      197.963118
4   -72.00     0.00   -36.00     0.00   -56.00     0.00   -52.00     0.00      128.630566
4   -72.00     0.00   -36.00     0.00   -52.00     0.00   -48.00     0.00       83.056482
4   -72.00     0.00   -36.00     0.00   -48.00     0.00   -44.00     0.00      138.829638
4   -72.00     0.00   -36.00     0.00   -44.00     0.00   -40.00     0.00      252.005786
4   -68.00     0.00   -32.00     0.00   -64.00     0.00   -60.00     0.00      299.747539
4   -68.00     0.00   -32.00     0.00   -60.00     0.00   -56.00     0.00      285.854522
4   -68.00     0.00   -32.00     0.00   -56.00     0.00   -52.00     0.00      233.746340
4   -68.00     0.00   -32.00     0.00   -52.00     0.00   -48.00     0.00      106.725455
4   -68.00     0.00   -32.00     0.00   -48.00     0.00   -44.00     0.00       91.388971
4   -68.00     0.00   -32.00     0.00   -44.00     0.00   -40.00     0.00      180.721879
4   -68.00     0.00   -32.00     0.00   -40.00     0.00   -36.00     0.00      285.403903
4   -64.00     0.00   -28.00     0.00   -60.00     0.00   -56.00     0.00      299.024191
4   -64.00     0.00   -28.00     0.00   -56.00     0.00   -52.00     0.00      348.412445
4   -64.00     0.00   -28.00     0.00   -52.00     0.00   -48.00     0.00      177.275089
4   -64.00     0.00   -28.00     0.00   -48.00     0.00   -44.00     0.00       94.873596
4   -64.00     0.00   -28.00     0.00   -44.00     0.00   -40.00     0.00      123.993931
4   -64.00     0.00   -28.00     0.00   -40.00     0.00   -36.00     0.00      263.626023
4   -64.00     0.00   -28.00     0.00   -36.00     0.00   -32.00     0.00      290.631716
4   -60.00     0.00   -24.00     0.00   -56.00     0.00   -52.00     0.00      351.298458
4   -60.00     0.00   -24.00     0.00   -52.00     0.00   -48.00     0.00      248.179084
4   -60.00     0.00   -24.00     0.00   -48.00     0.00   -44.00     0.00      130.226700
4   -60.00     0.00   -24.00     0.00   -44.00     0.00   -40.00     0.00       87.209265
4   -60.00     0.00   -24.00     0.00   -40.00     0.00   -36.00     0.00      189.896378
4   -60.00     0.00   -24.00     0.00   -36.00     0.00   -32.00     0.00      303.070235
4   -60.00     0.00   -24.00     0.00   -32.00     0.00   -28.00     0.00      324.029856
4   -56.00     0.00   -20.00     0.00   -52.00     0.00   -48.00     0.00      206.779886
4   -56.00     0.00   -20.00     0.00   -48.00     0.00   -44.00     0.00      146.331002
4   -56.00     0.00   -20.00     0.00   -44.00     0.00   -40.00     0.00       65.853211
4   -56.00     0.00   -20.00     0.00   -40.00     0.00   -36.00     0.00      100.507799
4   -56.00     0.00   -20.00     0.00   -36.00     0.00   -32.00     0.00      197.265559
4   -56.00     0.00   -20.00     0.00   -32.00     0.00   -28.00     0.00      303.057274
4   -56.00     0.00   -20.00     0.00   -28.00     0.00   -24.00     0.00      325.240944
4   -52.00     0.00   -16.00     0.00   -48.00     0.00   -44.00     0.00      201.872242
4   -52.00     0.00   -16.00     0.00   -44.00     0.00   -40.00     0.00       88.467187
4   -52.00     0.00   -16.00     0.00   -40.00     0.00   -36.00     0.00       57.151823
4   -52.00     0.00   -16.00     0.00   -36.00     0.00   -32.00     0.00      100.133277
4   -52.00     0.00   -16.00     0.00   -32.00     0.00   -28.00     0.00      191.539120
4   -52.00     0.00   -16.00     0.00   -28.00     0.00   -24.00     0.00      287.957245
4   -52.00     0.00   -16.00     0.00   -24.00     0.00   -20.00     0.00      356.235330
4   -48.00     0.00   -12.00     0.00   -44.00     0.00   -40.00     0.00      305.940186
4   -48.00     0.00   -12.00     0.00   -40.00     0.00   -36.00     0.00      129.209530
4   -48.00     0.00   -12.00     0.00   -36.00     0.00   -32.00     0.00       72.547548
4   -48.00     0.00   -12.00     0.00   -32.00     0.00   -28.00     0.00      107.491075
4   -48.00     0.00   -12.00     0.00   -28.00     0.00   -24.00     0.00      189.246944
4   -48.00     0.00   -12.00     0.00   -24.00     0.00   -20.00     0.00      316.506891
4   -48.00     0.00   -12.00     0.00   -20.00     0.00   -16.00     0.00      386.599422
4   -44.00     0.00    -8.00     0.00   -40.00     0.00   -36.00     0.00      270.372696
4   -44.00     0.00    -8.00     0.00   -36.00     0.00   -32.00     0.00      122.507230
4   -44.00     0.00    -8.00     0.00   -32.00     0.00   -28.00     0.00       87.036257
4   -44.00     0.00    -8.00     0.00   -28.00     0.00   -24.00     0.00      114.646121
4   -44.00     0.00    -8.00     0.00   -24.00     0.00   -20.00     0.00      212.953406
4   -44.00     0.00    -8.00     0.00   -20.00     0.00   -16.00     0.00      354.881055
4   -44.00     0.00    -8.00     0.00   -16.00     0.00   -12.00     0.00      420.694621
4   -40.00     0.00    -4.00     0.00   -36.00     0.00   -32.00     0.00      228.682332
4   -40.00     0.00    -4.00     0.00   -32.00     0.00   -28.00     0.00      149.067002
4   -40.00     0.00    -4.00     0.00   -28.00     0.00   -24.00     0.00      113.544903
4   -40.00     0.00    -4.00     0.00   -24.00     0.00   -20.00     0.00      134.670271
4   -40.00     0.00    -4.00     0.00   -20.00     0.00   -16.00     0.00      218.575108
4   -40.00     0.00    -4.00     0.00   -16.00     0.00   -12.00     0.00      355.688440
4   -40.00     0.00    -4.00     0.00   -12.00     0.00    -8.00     0.00      374.272491
4   -36.00     0.00     0.00     0.00   -32.00     0.00   -28.00     0.00      241.726617
4   -36.00     0.00     0.00     0.00   -28.00     0.00   -24.00     0.00      206.408431
4   -36.00     0.00     0.00     0.00   -24.00     0.00   -20.00     0.00      173.399699
4   -36.00     0.00     0.00     0.00   -20.00     0.00   -16.00     0.00      148.094250
4   -36.00     0.00     0.00     0.00   -16.00     0.00   -12.00     0.00      199.320974
4   -36.00     0.00     0.00     0.00   -12.00     0.00    -8.00     0.00      275.332818
4   -36.00     0.00     0.00     0.00    -8.00     0.00    -4.00     0.00      415.201416
4   -32.00     0.00     4.00     0.00   -28.00     0.00   -24.00     0.00      253.699892
4   -32.00     0.00     4.00     0.00   -24.00     0.00   -20.00     0.00      278.685518
4   -32.00     0.00     4.00     0.00   -20.00     0.00   -16.00     0.00      195.952632
4   -32.00     0.00     4.00     0.00   -16.00     0.00   -12.00     0.00      141.700052
4   -32.00     0.00     4.00     0.00   -12.00     0.00    -8.00     0.00      148.201689
4   -32.00     0.00     4.00     0.00    -8.00     0.00    -4.00     0.00      264.799790
4   -32.00     0.00     4.00     0.00    -4.00     0.00     0.00     0.00      434.133662
4   -28.00     0.00     8.00     0.00   -24.00     0.00   -20.00     0.00      314.218178
4   -28.00     0.00     8.00     0.00   -20.00     0.00   -16.00     0.00      298.936136
4   -28.00     0.00     8.00     0.00   -16.00     0.00   -12.00     0.00      200.128265
4   -28.00     0.00     8.00     0.00   -12.00     0.00    -8.00     0.00      135.689184
4   -28.00     0.00     8.00     0.00    -8.00     0.00    -4.00     0.00      170.549345
4   -28.00     0.00     8.00     0.00    -4.00     0.00     0.00     0.00      335.398907
4   -28.00     0.00     8.00     0.00     0.00     0.00     4.00     0.00      412.136357
4   -24.00     0.00    12.00     0.00   -20.00     0.00   -16.00     0.00      328.277955
4   -24.00     0.00    12.00     0.00   -16.00     0.00   -12.00     0.00      291.087847
4   -24.00     0.00    12.00     0.00   -12.00     0.00    -8.00     0.00      192.357018
4   -24.00     0.00    12.00     0.00    -8.00     0.00    -4.00     0.00      145.103512
4   -24.00     0.00    12.00     0.00    -4.00     0.00     0.00     0.00      187.505281
4   -24.00     0.00    12.00     0.00     0.00     0.00     4.00     0.00      283.015793
4   -24.00     0.00    12.00     0.00     4.00     0.00     8.00     0.00      329.442551
4   -20.00     0.00    16.00     0.00   -16.00     0.00   -12.00     0.00      346.789781
4   -20.00     0.00    16.00     0.00   -12.00     0.00    -8.00     0.00      304.678461
4   -20.00     0.00    16.00     0.00    -8.00     0.00    -4.00     0.00      225.379562
4   -20.00     0.00    16.00     0.00    -4.00     0.00     0.00     0.00      164.178279
4   -20.00     0.00    16.00     0.00     0.00     0.00     4.00     0.00      182.690602
4   -20.00     0.00    16.00     0.00     4.00     0.00     8.00     0.00      266.362622
4   -20.00     0.00    16.00     0.00     8.00     0.00    12.00     0.00      478.102490
4   -16.00     0.00    20.00     0.00   -12.00     0.00    -8.00     0.00      369.132895
4   -16.00     0.00    20.00     0.00    -8.00     0.00    -4.00     0.00      359.793345
4   -16.00     0.00    20.00     0.00    -4.00     0.00     0.00     0.00      242.743112
4   -16.00     0.00    20.00     0.00     0.00     0.00     4.00     0.00      145.566912
4   -16.00     0.00    20.00     0.00     4.00     0.00     8.00     0.00      148.947103
4   -16.00     0.00    20.00     0.00     8.00     0.00    12.00     0.00      336.266252
4   -16.00     0.00    20.00     0.00    12.00     0.00    16.00     0.00      402.003283
4   -12.00     0.00    24.00     0.00    -8.00     0.00    -4.00     0.00      423.588476
4   -12.00     0.00    24.00     0.00    -4.00     0.00     0.00     0.00      381.730081
4   -12.00     0.00    24.00     0.00     0.00     0.00     4.00     0.00      216.298071
4   -12.00     0.00    24.00     0.00     4.00     0.00     8.00     0.00      112.094275
4   -12.00     0.00    24.00     0.00     8.00     0.00    12.00     0.00      186.962666
4   -12.00     0.00    24.00     0.00    12.00     0.00    16.00     0.00      289.006169
4   -12.00     0.00    24.00     0.00    16.00     0.00    20.00     0.00      352.172691
4    -8.00     0.00    28.00     0.00    -4.00     0.00     0.00     0.00      416.642697
4    -8.00     0.00    28.00     0.00     0.00     0.00     4.00     0.00      322.419439
4    -8.00     0.00    28.00     0.00     4.00     0.00     8.00     0.00      147.705426
4    -8.00     0.00    28.00     0.00     8.00     0.00    12.00     0.00      129.839370
4    -8.00     0.00    28.00     0.00    12.00     0.00    16.00     0.00      177.865329
4    -8.00     0.00    28.00     0.00    16.00     0.00    20.00     0.00      284.904504
4    -8.00     0.00    28.00     0.00    20.00     0.00    24.00     0.00      419.628981
4    -4.00     0.00    32.00     0.00     0.00     0.00     4.00     0.00      437.730569
4    -4.00     0.00    32.00     0.00     4.00     0.00     8.00     0.00      258.144678
4    -4.00     0.00    32.00     0.00     8.00     0.00    12.00     0.00      167.354552
4    -4.00     0.00    32.00     0.00    12.00     0.00    16.00     0.00      122.307666
4    -4.00     0.00    32.00     0.00    16.00     0.00    20.00     0.00      182.456396
4    -4.00     0.00    32.00     0.00    20.00     0.00    24.00     0.00      348.276261
4    -4.00     0.00    32.00     0.00    24.00     0.00    28.00     0.00      393.474826
4     0.00     0.00    36.00     0.00     4.00     0.00     8.00     0.00      407.130938
4     0.00     0.00    36.00     0.00     8.00     0.00    12.00     0.00      327.041524
4     0.00     0.00    36.00     0.00    12.00     0.00    16.00     0.00      169.363523
4     0.00     0.00    36.00     0.00    16.00     0.00    20.00     0.00      152.381876
4     0.00     0.00    36.00     0.00    20.00     0.00    24.00     0.00      261.779514
4     0.00     0.00    36.00     0.00    24.00     0.00    28.00     0.00      403.313316
4     0.00     0.00    36.00     0.00    28.00     0.00    32.00     0.00      437.805132
4     4.00     0.00    40.00     0.00     8.00     0.00    12.00     0.00      428.181274
4     4.00     0.00    40.00     0.00    12.00     0.00    16.00     0.00      276.391494
4     4.00     0.00    40.00     0.00    16.00     0.00    20.00     0.00      194.965153
4     4.00     0.00    40.00     0.00    20.00     0.00    24.00     0.00      195.092201
4     4.00     0.00    40.00     0.00    24.00     0.00    28.00     0.00      312.552035
4     4.00     0.00    40.00     0.00    28.00     0.00    32.00     0.00      466.436960
4     4.00     0.00    40.00     0.00    32.00     0.00    36.00     0.00      523.575916
4     8.00     0.00    44.00     0.00    12.00     0.00    16.00     0.00      332.455100
4     8.00     0.00    44.00     0.00    16.00     0.00    20.00     0.00      287.722187
4     8.00     0.00    44.00     0.00    20.00     0.00    24.00     0.00      177.774690
4     8.00     0.00    44.00     0.00    24.00     0.00    28.00     0.00      169.876313
4     8.00     0.00    44.00     0.00    28.00     0.00    32.00     0.00      264.124630
4     8.00     0.00    44.00     0.00    32.00     0.00    36.00     0.00      395.140752
4     8.00     0.00    44.00     0.00    36.00     0.00    40.00     0.00      413.962303
4    12.00     0.00    48.00     0.00    16.00     0.00    20.00     0.00      459.153582
4    12.00     0.00    48.00     0.00    20.00     0.00    24.00     0.00      321.955802
4    12.00     0.00    48.00     0.00    24.00     0.00    28.00     0.00      184.069554
4    12.00     0.00    48.00     0.00    28.00     0.00    32.00     0.00      168.665232
4    12.00     0.00    48.00     0.00    32.00     0.00    36.00     0.00      240.347688
4    12.00     0.00    48.00     0.00    36.00     0.00    40.00     0.00      342.861357
4    12.00     0.00    48.00     0.00    40.00     0.00    44.00     0.00      469.082729
4    16.00     0.00    52.00     0.00    20.00     0.00    24.00     0.00      412.404711
4    16.00     0.00    52.00     0.00    24.00     0.00    28.00     0.00      281.269747
4    16.00     0.00    52.00     0.00    28.00     0.00    32.00     0.00      181.885955
4    16.00     0.00    52.00     0.00    32.00     0.00    36.00     0.00      145.191057
4    16.00     0.00    52.00     0.00    36.00     0.00    40.00     0.00      195.362469
4    16.00     0.00    52.00     0.00    40.00     0.00    44.00     0.00      337.389764
4    16.00     0.00    52.00     0.00    44.00     0.00    48.00     0.00      436.264850
4    20.00     0.00    56.00     0.00    24.00     0.00    28.00     0.00      348.269824
4    20.00     0.00    56.00     0.00    28.00     0.00    32.00     0.00      276.868123
4    20.00     0.00    56.00     0.00    32.00     0.00    36.00     0.00      161.409032
4    20.00     0.00    56.00     0.00    36.00     0.00    40.00     0.00      133.505524
4    20.00     0.00    56.00     0.00    40.00     0.00    44.00     0.00      187.624105
4    20.00     0.00    56.00     0.00    44.00     0.00    48.00     0.00      279.536630
4    20.00     0.00    56.00     0.00    48.00     0.00    52.00     0.00      482.158025
4    24.00     0.00    60.00     0.00    28.00     0.00    32.00     0.00      390.760461
4    24.00     0.00    60.00     0.00    32.00     0.00    36.00     0.00      284.127917
4    24.00     0.00    60.00     0.00    36.00     0.00    40.00     0.00      206.293636
4    24.00     0.00    60.00     0.00    40.00     0.00    44.00     0.00      183.880854
4    24.00     0.00    60.00     0.00    44.00     0.00    48.00     0.00      154.420166
4    24.00     0.00    60.00     0.00    48.00     0.00    52.00     0.00      285.541634
4    24.00     0.00    60.00     0.00    52.00     0.00    56.00     0.00      468.910414
4    28.00     0.00    64.00     0.00    32.00     0.00    36.00     0.00      349.449925
4    28.00     0.00    64.00     0.00    36.00     0.00    40.00     0.00      338.959107
4    28.00     0.00    64.00     0.00    40.00     0.00    44.00     0.00      324.275073
4    28.00     0.00    64.00     0.00    44.00     0.00    48.00     0.00      172.770683
4    28.00     0.00    64.00     0.00    48.00     0.00    52.00     0.00      193.929267
4    28.00     0.00    64.00     0.00    52.00     0.00    56.00     0.00      372.087048
4    28.00     0.00    64.00     0.00    56.00     0.00    60.00     0.00      494.732389
4    32.00     0.00    68.00     0.00    36.00     0.00    40.00     0.00      390.437260
4    32.00     0.00    68.00     0.00    40.00     0.00    44.00     0.00      503.039187
4    32.00     0.00    68.00     0.00    44.00     0.00    48.00     0.00      277.644916
4    32.00     0.00    68.00     0.00    48.00     0.00    52.00     0.00      182.008588
4    32.00     0.00    68.00     0.00    52.00     0.00    56.00     0.00      220.638971
4    32.00     0.00    68.00     0.00    56.00     0.00    60.00     0.00      354.566563
4    32.00     0.00    68.00     0.00    60.00     0.00    64.00     0.00      305.854931
4    36.00     0.00    72.00     0.00    40.00     0.00    44.00     0.00      563.745114
4    36.00     0.00    72.00     0.00    44.00     0.00    48.00     0.00      420.550076
4    36.00     0.00    72.00     0.00    48.00     0.00    52.00     0.00      273.724867
4    36.00     0.00    72.00     0.00    52.00     0.00    56.00     0.00      188.505821
4    36.00     0.00    72.00     0.00    56.00     0.00    60.00     0.00      243.756875
4    36.00     0.00    72.00     0.00    60.00     0.00    64.00     0.00      285.556231
4    36.00     0.00    72.00     0.00    64.00     0.00    68.00     0.00      445.582216
4    40.00     0.00    76.00     0.00    44.00     0.00    48.00     0.00      443.261958
4    40.00     0.00    76.00     0.00    48.00     0.00    52.00     0.00      391.940438
4    40.00     0.00    76.00     0.00    52.00     0.00    56.00     0.00      234.135425
4    40.00     0.00    76.00     0.00    56.00     0.00    60.00     0.00      162.602668
4    40.00     0.00    76.00     0.00    60.00     0.00    64.00     0.00      170.012970
4    40.00     0.00    76.00     0.00    64.00     0.00    68.00     0.00      349.688280
4    40.00     0.00    76.00     0.00    68.00     0.00    72.00     0.00      328.732926
4    44.00     0.00    80.00     0.00    48.00     0.00    52.00     0.00      490.065676
4    44.00     0.00    80.00     0.00    52.00     0.00    56.00     0.00      366.193941
4    44.00     0.00    80.00     0.00    56.00     0.00    60.00     0.00      176.241308
4    44.00     0.00    80.00     0.00    60.00     0.00    64.00     0.00       68.843590
4    44.00     0.00    80.00     0.00    64.00     0.00    68.00     0.00       77.454163
4    44.00     0.00    80.00     0.00    68.00     0.00    72.00     0.00       84.146114
4    44.00     0.00    80.00     0.00    72.00     0.00    76.00     0.00      108.358393
4   -40.00     0.00   -22.00     0.00   -38.00     0.00   -36.00     0.00      213.512227
4   -40.00     0.00   -22.00     0.00   -36.00     0.00   -34.00     0.00      256.599684
4   -40.00     0.00   -22.00     0.00   -34.00     0.00   -32.00     0.00      241.724059
4   -40.00     0.00   -22.00     0.00   -32.00     0.00   -30.00     0.00      260.524885
4   -40.00     0.00   -22.00     0.00   -30.00     0.00   -28.00     0.00      315.540370
4   -40.00     0.00   -22.00     0.00   -28.00     0.00   -26.00     0.00      305.297786
4   -40.00     0.00   -22.00     0.00   -26.00     0.00   -24.00     0.00      242.229283
4   -38.00     0.00   -20.00     0.00   -36.00     0.00   -34.00     0.00      267.922195
4   -38.00     0.00   -20.00     0.00   -34.00     0.00   -32.00     0.00      276.647662
4   -38.00     0.00   -20.00     0.00   -32.00     0.00   -30.00     0.00      265.507627
4   -38.00     0.00   -20.00     0.00   -30.00     0.00   -28.00     0.00      298.793332
4   -38.00     0.00   -20.00     0.00   -28.00     0.00   -26.00     0.00      306.122747
4   -38.00     0.00   -20.00     0.00   -26.00     0.00   -24.00     0.00      310.245751
4   -38.00     0.00   -20.00     0.00   -24.00     0.00   -22.00     0.00      243.960370
4   -36.00     0.00   -18.00     0.00   -34.00     0.00   -32.00     0.00      215.682178
4   -36.00     0.00   -18.00     0.00   -32.00     0.00   -30.00     0.00      248.025063
4   -36.00     0.00   -18.00     0.00   -30.00     0.00   -28.00     0.00      282.038743
4   -36.00     0.00   -18.00     0.00   -28.00     0.00   -26.00     0.00      287.464884
4   -36.00     0.00   -18.00     0.00   -26.00     0.00   -24.00     0.00      320.724284
4   -36.00     0.00   -18.00     0.00   -24.00     0.00   -22.00     0.00      325.777014
4   -36.00     0.00   -18.00     0.00   -22.00     0.00   -20.00     0.00      279.304240
4   -34.00     0.00   -16.00     0.00   -32.00     0.00   -30.00     0.00      193.923734
4   -34.00     0.00   -16.00     0.00   -30.00     0.00   -28.00     0.00      264.118083
4   -34.00     0.00   -16.00     0.00   -28.00     0.00   -26.00     0.00      271.673562
4   -34.00     0.00   -16.00     0.00   -26.00     0.00   -24.00     0.00      305.630212
4   -34.00     0.00   -16.00     0.00   -24.00     0.00   -22.00     0.00      332.975414
4   -34.00     0.00   -16.00     0.00   -22.00     0.00   -20.00     0.00      360.540738
4   -34.00     0.00   -16.00     0.00   -20.00     0.00   -18.00     0.00      261.326091
4   -32.00     0.00   -14.00     0.00   -30.00     0.00   -28.00     0.00      197.132793
4   -32.00     0.00   -14.00     0.00   -28.00     0.00   -26.00     0.00      248.749775
4   -32.00     0.00   -14.00     0.00   -26.00     0.00   -24.00     0.00      295.500812
4   -32.00     0.00   -14.00     0.00   -24.00     0.00   -22.00     0.00      328.305624
4   -32.00     0.00   -14.00     0.00   -22.00     0.00   -20.00     0.00      383.693647
4   -32.00     0.00   -14.00     0.00   -20.00     0.00   -18.00     0.00      353.839461
4   -32.00     0.00   -14.00     0.00   -18.00     0.00   -16.00     0.00      298.486025
4   -30.00     0.00   -12.00     0.00   -28.00     0.00   -26.00     0.00      178.946841
4   -30.00     0.00   -12.00     0.00   -26.00     0.00   -24.00     0.00      268.729629
4   -30.00     0.00   -12.00     0.00   -24.00     0.00   -22.00     0.00      316.376809
4   -30.00     0.00   -12.00     0.00   -22.00     0.00   -20.00     0.00      375.433619
4   -30.00     0.00   -12.00     0.00   -20.00     0.00   -18.00     0.00      365.823216
4   -30.00     0.00   -12.00     0.00   -18.00     0.00   -16.00     0.00      388.676169
4   -30.00     0.00   -12.00     0.00   -16.00     0.00   -14.00     0.00      301.175097
4   -28.00     0.00   -10.00     0.00   -26.00     0.00   -24.00     0.00      203.251803
4   -28.00     0.00   -10.00     0.00   -24.00     0.00   -22.00     0.00      294.524006
4   -28.00     0.00   -10.00     0.00   -22.00     0.00   -20.00     0.00      374.502346
4   -28.00     0.00   -10.00     0.00   -20.00     0.00   -18.00     0.00      362.678538
4   -28.00     0.00   -10.00     0.00   -18.00     0.00   -16.00     0.00      409.555048
4   -28.00     0.00   -10.00     0.00   -16.00     0.00   -14.00     0.00      400.932562
4   -28.00     0.00   -10.00     0.00   -14.00     0.00   -12.00     0.00      291.215240
4   -26.00     0.00    -8.00     0.00   -24.00     0.00   -22.00     0.00      213.820802
4   -26.00     0.00    -8.00     0.00   -22.00     0.00   -20.00     0.00      342.972437
4   -26.00     0.00    -8.00     0.00   -20.00     0.00   -18.00     0.00      350.274121
4   -26.00     0.00    -8.00     0.00   -18.00     0.00   -16.00     0.00      396.020000
4   -26.00     0.00    -8.00     0.00   -16.00     0.00   -14.00     0.00      417.614790
4   -26.00     0.00    -8.00     0.00   -14.00     0.00   -12.00     0.00      401.451314
4   -26.00     0.00    -8.00     0.00   -12.00     0.00   -10.00     0.00      279.416941
4   -24.00     0.00    -6.00     0.00   -22.00     0.00   -20.00     0.00      255.101832
4   -24.00     0.00    -6.00     0.00   -20.00     0.00   -18.00     0.00      320.582635
4   -24.00     0.00    -6.00     0.00   -18.00     0.00   -16.00     0.00      375.747747
4   -24.00     0.00    -6.00     0.00   -16.00     0.00   -14.00     0.00      390.192851
4   -24.00     0.00    -6.00     0.00   -14.00     0.00   -12.00     0.00      415.404651
4   -24.00     0.00    -6.00     0.00   -12.00     0.00   -10.00     0.00      368.288549
4   -24.00     0.00    -6.00     0.00   -10.00     0.00    -8.00     0.00      304.485530
4   -22.00     0.00    -4.00     0.00   -20.00     0.00   -18.00     0.00      240.505046
4   -22.00     0.00    -4.00     0.00   -18.00     0.00   -16.00     0.00      343.629041
4   -22.00     0.00    -4.00     0.00   -16.00     0.00   -14.00     0.00      357.635097
4   -22.00     0.00    -4.00     0.00   -14.00     0.00   -12.00     0.00      382.323050
4   -22.00     0.00    -4.00     0.00   -12.00     0.00   -10.00     0.00      363.348388
4   -22.00     0.00    -4.00     0.00   -10.00     0.00    -8.00     0.00      374.936347
4   -22.00     0.00    -4.00     0.00    -8.00     0.00    -6.00     0.00      315.732171
4   -20.00     0.00    -2.00     0.00   -18.00     0.00   -16.00     0.00      272.820258
4   -20.00     0.00    -2.00     0.00   -16.00     0.00   -14.00     0.00      342.376611
4   -20.00     0.00    -2.00     0.00   -14.00     0.00   -12.00     0.00      382.494651
4   -20.00     0.00    -2.00     0.00   -12.00     0.00   -10.00     0.00      365.284778
4   -20.00     0.00    -2.00     0.00   -10.00     0.00    -8.00     0.00      398.892050
4   -20.00     0.00    -2.00     0.00    -8.00     0.00    -6.00     0.00      424.268324
4   -20.00     0.00    -2.00     0.00    -6.00     0.00    -4.00     0.00      413.813501
4   -18.00     0.00     0.00     0.00   -16.00     0.00   -14.00     0.00      254.575861
4   -18.00     0.00     0.00     0.00   -14.00     0.00   -12.00     0.00      351.756965
4   -18.00     0.00     0.00     0.00   -12.00     0.00   -10.00     0.00      344.498580
4   -18.00     0.00     0.00     0.00   -10.00     0.00    -8.00     0.00      349.305791
4   -18.00     0.00     0.00     0.00    -8.00     0.00    -6.00     0.00      372.140024
4   -18.00     0.00     0.00     0.00    -6.00     0.00    -4.00     0.00      437.974895
4   -18.00     0.00     0.00     0.00    -4.00     0.00    -2.00     0.00      327.795839
4   -16.00     0.00     2.00     0.00   -14.00     0.00   -12.00     0.00      284.054727
4   -16.00     0.00     2.00     0.00   -12.00     0.00   -10.00     0.00      347.718500
4   -16.00     0.00     2.00     0.00   -10.00     0.00    -8.00     0.00      357.468328
4   -16.00     0.00     2.00     0.00    -8.00     0.00    -6.00     0.00      353.380428
4   -16.00     0.00     2.00     0.00    -6.00     0.00    -4.00     0.00      396.340488
4   -16.00     0.00     2.00     0.00    -4.00     0.00    -2.00     0.00      352.496274
4   -16.00     0.00     2.00     0.00    -2.00     0.00     0.00     0.00      420.597980
4   -14.00     0.00     4.00     0.00   -12.00     0.00   -10.00     0.00      282.365989
4   -14.00     0.00     4.00     0.00   -10.00     0.00    -8.00     0.00      364.418733
4   -14.00     0.00     4.00     0.00    -8.00     0.00    -6.00     0.00      382.155849
4   -14.00     0.00     4.00     0.00    -6.00     0.00    -4.00     0.00      396.617534
4   -14.00     0.00     4.00     0.00    -4.00     0.00    -2.00     0.00      343.138106
4   -14.00     0.00     4.00     0.00    -2.00     0.00     0.00     0.00      489.395848
4   -14.00     0.00     4.00     0.00     0.00     0.00     2.00     0.00      355.559724
4   -12.00     0.00     6.00     0.00   -10.00     0.00    -8.00     0.00      278.287822
4   -12.00     0.00     6.00     0.00    -8.00     0.00    -6.00     0.00      383.726600
4   -12.00     0.00     6.00     0.00    -6.00     0.00    -4.00     0.00      422.628031
4   -12.00     0.00     6.00     0.00    -4.00     0.00    -2.00     0.00      344.732431
4   -12.00     0.00     6.00     0.00    -2.00     0.00     0.00     0.00      484.578368
4   -12.00     0.00     6.00     0.00     0.00     0.00     2.00     0.00      426.731783
4   -12.00     0.00     6.00     0.00     2.00     0.00     4.00     0.00      297.708131
4   -10.00     0.00     8.00     0.00    -8.00     0.00    -6.00     0.00      286.297483
4   -10.00     0.00     8.00     0.00    -6.00     0.00    -4.00     0.00      406.128577
4   -10.00     0.00     8.00     0.00    -4.00     0.00    -2.00     0.00      356.347375
4   -10.00     0.00     8.00     0.00    -2.00     0.00     0.00     0.00      483.391202
4   -10.00     0.00     8.00     0.00     0.00     0.00     2.00     0.00      436.218425
4   -10.00     0.00     8.00     0.00     2.00     0.00     4.00     0.00      385.016277
4   -10.00     0.00     8.00     0.00     4.00     0.00     6.00     0.00      308.819462
4    -8.00     0.00    10.00     0.00    -6.00     0.00    -4.00     0.00      316.450173
4    -8.00     0.00    10.00     0.00    -4.00     0.00    -2.00     0.00      351.432753
4    -8.00     0.00    10.00     0.00    -2.00     0.00     0.00     0.00      483.580475
4    -8.00     0.00    10.00     0.00     0.00     0.00     2.00     0.00      396.598958
4    -8.00     0.00    10.00     0.00     2.00     0.00     4.00     0.00      345.648681
4    -8.00     0.00    10.00     0.00     4.00     0.00     6.00     0.00      337.341129
4    -8.00     0.00    10.00     0.00     6.00     0.00     8.00     0.00      276.161100
4    -6.00     0.00    12.00     0.00    -4.00     0.00    -2.00     0.00      290.510684
4    -6.00     0.00    12.00     0.00    -2.00     0.00     0.00     0.00      490.148086
4    -6.00     0.00    12.00     0.00     0.00     0.00     2.00     0.00      408.926441
4    -6.00     0.00    12.00     0.00     2.00     0.00     4.00     0.00      324.851651
4    -6.00     0.00    12.00     0.00     4.00     0.00     6.00     0.00      318.160781
4    -6.00     0.00    12.00     0.00     6.00     0.00     8.00     0.00      319.100023
4    -6.00     0.00    12.00     0.00     8.00     0.00    10.00     0.00      344.475817
4    -4.00     0.00    14.00     0.00    -2.00     0.00     0.00     0.00      431.750179
4    -4.00     0.00    14.00     0.00     0.00     0.00     2.00     0.00      450.591237
4    -4.00     0.00    14.00     0.00     2.00     0.00     4.00     0.00      359.134529
4    -4.00     0.00    14.00     0.00     4.00     0.00     6.00     0.00      316.248415
4    -4.00     0.00    14.00     0.00     6.00     0.00     8.00     0.00      314.857475
4    -4.00     0.00    14.00     0.00     8.00     0.00    10.00     0.00      415.097925
4    -4.00     0.00    14.00     0.00    10.00     0.00    12.00     0.00      380.326217
4    -2.00     0.00    16.00     0.00     0.00     0.00     2.00     0.00      365.180597
4    -2.00     0.00    16.00     0.00     2.00     0.00     4.00     0.00      367.427684
4    -2.00     0.00    16.00     0.00     4.00     0.00     6.00     0.00      331.258880
4    -2.00     0.00    16.00     0.00     6.00     0.00     8.00     0.00      301.560190
4    -2.00     0.00    16.00     0.00     8.00     0.00    10.00     0.00      407.891492
4    -2.00     0.00    16.00     0.00    10.00     0.00    12.00     0.00      471.914278
4    -2.00     0.00    16.00     0.00    12.00     0.00    14.00     0.00      343.370835
4     0.00     0.00    18.00     0.00     2.00     0.00     4.00     0.00      376.239141
4     0.00     0.00    18.00     0.00     4.00     0.00     6.00     0.00      405.698129
4     0.00     0.00    18.00     0.00     6.00     0.00     8.00     0.00      348.097032
4     0.00     0.00    18.00     0.00     8.00     0.00    10.00     0.00      397.225853
4     0.00     0.00    18.00     0.00    10.00     0.00    12.00     0.00      427.479742
4     0.00     0.00    18.00     0.00    12.00     0.00    14.00     0.00      388.485624
4     0.00     0.00    18.00     0.00    14.00     0.00    16.00     0.00      328.181939
4     2.00     0.00    20.00     0.00     4.00     0.00     6.00     0.00      350.279402
4     2.00     0.00    20.00     0.00     6.00     0.00     8.00     0.00      377.877190
4     2.00     0.00    20.00     0.00     8.00     0.00    10.00     0.00      434.536353
4     2.00     0.00    20.00     0.00    10.00     0.00    12.00     0.00      395.122921
4     2.00     0.00    20.00     0.00    12.00     0.00    14.00     0.00      371.064038
4     2.00     0.00    20.00     0.00    14.00     0.00    16.00     0.00      394.138010
4     2.00     0.00    20.00     0.00    16.00     0.00    18.00     0.00      318.608785
4     4.00     0.00    22.00     0.00     6.00     0.00     8.00     0.00      295.377482
4     4.00     0.00    22.00     0.00     8.00     0.00    10.00     0.00      434.447978
4     4.00     0.00    22.00     0.00    10.00     0.00    12.00     0.00      381.809085
4     4.00     0.00    22.00     0.00    12.00     0.00    14.00     0.00      336.349975
4     4.00     0.00    22.00     0.00    14.00     0.00    16.00     0.00      364.597718
4     4.00     0.00    22.00     0.00    16.00     0.00    18.00     0.00      367.879178
4     4.00     0.00    22.00     0.00    18.00     0.00    20.00     0.00      294.014583
4     6.00     0.00    24.00     0.00     8.00     0.00    10.00     0.00      344.093280
4     6.00     0.00    24.00     0.00    10.00     0.00    12.00     0.00      368.010518
4     6.00     0.00    24.00     0.00    12.00     0.00    14.00     0.00      332.064887
4     6.00     0.00    24.00     0.00    14.00     0.00    16.00     0.00      334.237726
4     6.00     0.00    24.00     0.00    16.00     0.00    18.00     0.00      353.464946
4     6.00     0.00    24.00     0.00    18.00     0.00    20.00     0.00      341.141264
4     6.00     0.00    24.00     0.00    20.00     0.00    22.00     0.00      312.332040
4     8.00     0.00    26.00     0.00    10.00     0.00    12.00     0.00      290.841058
4     8.00     0.00    26.00     0.00    12.00     0.00    14.00     0.00      325.809417
4     8.00     0.00    26.00     0.00    14.00     0.00    16.00     0.00      329.763377
4     8.00     0.00    26.00     0.00    16.00     0.00    18.00     0.00      339.805477
4     8.00     0.00    26.00     0.00    18.00     0.00    20.00     0.00      324.350522
4     8.00     0.00    26.00     0.00    20.00     0.00    22.00     0.00      359.478004
4     8.00     0.00    26.00     0.00    22.00     0.00    24.00     0.00      320.242699
4    10.00     0.00    28.00     0.00    12.00     0.00    14.00     0.00      310.243733
4    10.00     0.00    28.00     0.00    14.00     0.00    16.00     0.00      369.820582
4    10.00     0.00    28.00     0.00    16.00     0.00    18.00     0.00      396.590616
4    10.00     0.00    28.00     0.00    18.00     0.00    20.00     0.00      343.222359
4    10.00     0.00    28.00     0.00    20.00     0.00    22.00     0.00      375.598183
4    10.00     0.00    28.00     0.00    22.00     0.00    24.00     0.00      416.044671
4    10.00     0.00    28.00     0.00    24.00     0.00    26.00     0.00      337.985865
4    12.00     0.00    30.00     0.00    14.00     0.00    16.00     0.00      344.766225
4    12.00     0.00    30.00     0.00    16.00     0.00    18.00     0.00      458.917791
4    12.00     0.00    30.00     0.00    18.00     0.00    20.00     0.00      396.112882
4    12.00     0.00    30.00     0.00    20.00     0.00    22.00     0.00      380.013180
4    12.00     0.00    30.00     0.00    22.00     0.00    24.00     0.00      406.754643
4    12.00     0.00    30.00     0.00    24.00     0.00    26.00     0.00      410.477476
4    12.00     0.00    30.00     0.00    26.00     0.00    28.00     0.00      271.578160
4    14.00     0.00    32.00     0.00    16.00     0.00    18.00     0.00      368.230105
4    14.00     0.00    32.00     0.00    18.00     0.00    20.00     0.00      407.474973
4    14.00     0.00    32.00     0.00    20.00     0.00    22.00     0.00      404.287776
4    14.00     0.00    32.00     0.00    22.00     0.00    24.00     0.00      396.537209
4    14.00     0.00    32.00     0.00    24.00     0.00    26.00     0.00      418.686822
4    14.00     0.00    32.00     0.00    26.00     0.00    28.00     0.00      352.197920
4    14.00     0.00    32.00     0.00    28.00     0.00    30.00     0.00      291.887884
4    16.00     0.00    34.00     0.00    18.00     0.00    20.00     0.00      336.047865
4    16.00     0.00    34.00     0.00    20.00     0.00    22.00     0.00      417.942347
4    16.00     0.00    34.00     0.00    22.00     0.00    24.00     0.00      409.504766
4    16.00     0.00    34.00     0.00    24.00     0.00    26.00     0.00      414.969726
4    16.00     0.00    34.00     0.00    26.00     0.00    28.00     0.00      377.064565
4    16.00     0.00    34.00     0.00    28.00     0.00    30.00     0.00      396.519614
4    16.00     0.00    34.00     0.00    30.00     0.00    32.00     0.00      293.867007
4    18.00     0.00    36.00     0.00    20.00     0.00    22.00     0.00      337.209175
4    18.00     0.00    36.00     0.00    22.00     0.00    24.00     0.00      400.424254
4    18.00     0.00    36.00     0.00    24.00     0.00    26.00     0.00      410.218092
4    18.00     0.00    36.00     0.00    26.00     0.00    28.00     0.00      373.125337
4    18.00     0.00    36.00     0.00    28.00     0.00    30.00     0.00      431.960909
4    18.00     0.00    36.00     0.00    30.00     0.00    32.00     0.00      406.659504
4    18.00     0.00    36.00     0.00    32.00     0.00    34.00     0.00      314.989499
4    20.00     0.00    38.00     0.00    22.00     0.00    24.00     0.00      314.413473
4    20.00     0.00    38.00     0.00    24.00     0.00    26.00     0.00      386.521570
4    20.00     0.00    38.00     0.00    26.00     0.00    28.00     0.00      360.125821
4    20.00     0.00    38.00     0.00    28.00     0.00    30.00     0.00      429.398523
4    20.00     0.00    38.00     0.00    30.00     0.00    32.00     0.00      440.694276
4    20.00     0.00    38.00     0.00    32.00     0.00    34.00     0.00      439.109763
4    20.00     0.00    38.00     0.00    34.00     0.00    36.00     0.00      348.161612
4    22.00     0.00    40.00     0.00    24.00     0.00    26.00     0.00      319.965991
4    22.00     0.00    40.00     0.00    26.00     0.00    28.00     0.00      349.193845
4    22.00     0.00    40.00     0.00    28.00     0.00    30.00     0.00      425.915441
4    22.00     0.00    40.00     0.00    30.00     0.00    32.00     0.00      430.670769
4    22.00     0.00    40.00     0.00    32.00     0.00    34.00     0.00      473.605663
4    22.00     0.00    40.00     0.00    34.00     0.00    36.00     0.00      494.685075
4    22.00     0.00    40.00     0.00    36.00     0.00    38.00     0.00      385.101767
0
0
0
0
0
0
0
