         140
   1   1   2   4   3  0.10420366E+02     -0.013027      0.9821E+02
   2   2   3   5   4  0.10613935E+02     -0.023242      0.1000E+03
   3   3   4   6   5  0.10343659E+02     -0.046482      0.9749E+02
   4   4   5   7   6  0.10628976E+02     -0.093900      0.1002E+03
   5   5   6   8   7  0.10444866E+02     -0.200310      0.9844E+02
   6   6   7   9   8  0.10513389E+02     -0.337055      0.9909E+02
   7   7   8  10   9  0.10509497E+02     -0.314242      0.9905E+02
   8   8   9  11  10  0.10422664E+02      0.219611      0.9823E+02
   9   9  10  12  11  0.10837277E+02      0.406899      0.1021E+03
  10  10  11  13  12  0.10417590E+02      0.292217      0.9818E+02
  11  11  12  14  13  0.10601779E+02      0.359150      0.9992E+02
  12  12  13  15  14  0.10720602E+02      0.484551      0.1010E+03
  13  13  14  16  15  0.10655631E+02      0.037688      0.1004E+03
  14  14  15  17  16  0.10212940E+02     -0.386097      0.9625E+02
  15  15  16  18  17  0.10602032E+02     -0.314775      0.9992E+02
  16  16  17  19  18  0.10688633E+02     -0.154520      0.1007E+03
  17  17  18  20  19  0.10553393E+02     -0.072643      0.9946E+02
  18  18  19  21  20  0.10486709E+02     -0.036186      0.9883E+02
  19  19  20  22  21  0.10528418E+02     -0.018983      0.9923E+02
  20  20  21  23  22  0.10586338E+02     -0.010693      0.9977E+02
  21  21  22  24  23  0.10475848E+02     -0.006421      0.9873E+02
  22   1   2   5   4  0.26394344E+01     -0.068780      0.9950E+02
  23   2   3   6   5  0.26155115E+01     -0.128695      0.9860E+02
  24   3   4   7   6  0.26199215E+01     -0.249008      0.9877E+02
  25   4   5   8   7  0.26198240E+01     -0.466871      0.9877E+02
  26   5   6   9   8  0.26013127E+01     -0.628749      0.9807E+02
  27   6   7  10   9  0.26789890E+01     -0.156226      0.1010E+03
  28   7   8  11  10  0.27571806E+01      1.308710      0.1039E+03
  29   8   9  12  11  0.28687819E+01      3.064864      0.1082E+03
  30   9  10  13  12  0.29073516E+01      3.824383      0.1096E+03
  31  10  11  14  13  0.29110204E+01      4.056934      0.1097E+03
  32  11  12  15  14  0.29328532E+01      3.752330      0.1106E+03
  33  12  13  16  15  0.28470478E+01      2.670361      0.1073E+03
  34  13  14  17  16  0.27141151E+01      0.860122      0.1023E+03
  35  14  15  18  17  0.26227189E+01     -0.502345      0.9887E+02
  36  15  16  19  18  0.26255314E+01     -0.659485      0.9898E+02
  37  16  17  20  19  0.26016472E+01     -0.385806      0.9808E+02
  38  17  18  21  20  0.26561043E+01     -0.194329      0.1001E+03
  39  18  19  22  21  0.26263134E+01     -0.102944      0.9901E+02
  40  19  20  23  22  0.26686538E+01     -0.056030      0.1006E+03
  41  20  21  24  23  0.26332788E+01     -0.033157      0.9927E+02
  42   1   2   6   5  0.10494994E+01     -0.231207      0.9891E+02
  43   2   3   7   6  0.10446116E+01     -0.423262      0.9845E+02
  44   3   4   8   7  0.10418573E+01     -0.725109      0.9819E+02
  45   4   5   9   8  0.10376575E+01     -0.796728      0.9780E+02
  46   5   6  10   9  0.10755041E+01      0.168790      0.1014E+03
  47   6   7  11  10  0.11356750E+01      2.120368      0.1070E+03
  48   7   8  12  11  0.12033722E+01      4.504037      0.1134E+03
  49   8   9  13  12  0.12822344E+01      7.275499      0.1208E+03
  50   9  10  14  13  0.13253695E+01      9.042737      0.1249E+03
  51  10  11  15  14  0.13181191E+01      8.573995      0.1242E+03
  52  11  12  16  15  0.12592107E+01      6.309163      0.1187E+03
  53  12  13  17  16  0.11838305E+01      3.966169      0.1116E+03
  54  13  14  18  17  0.11188318E+01      1.559536      0.1054E+03
  55  14  15  19  18  0.10587644E+01     -0.418541      0.9979E+02
  56  15  16  20  19  0.10357925E+01     -0.922156      0.9762E+02
  57  16  17  21  20  0.10459585E+01     -0.616352      0.9858E+02
  58  17  18  22  21  0.10516607E+01     -0.339843      0.9912E+02
  59  18  19  23  22  0.10583074E+01     -0.187710      0.9974E+02
  60  19  20  24  23  0.10596234E+01     -0.107501      0.9987E+02
  61   1   2   7   6  0.52161540E+00     -0.595229      0.9832E+02
  62   2   3   8   7  0.51829069E+00     -0.944200      0.9770E+02
  63   3   4   9   8  0.51944305E+00     -0.868025      0.9791E+02
  64   4   5  10   9  0.54225720E+00      0.485647      0.1022E+03
  65   5   6  11  10  0.57600570E+00      2.617453      0.1086E+03
  66   6   7  12  11  0.61232601E+00      4.892852      0.1154E+03
  67   7   8  13  12  0.65889687E+00      7.966465      0.1242E+03
  68   8   9  14  13  0.71777333E+00     11.766668      0.1353E+03
  69   9  10  15  14  0.73584739E+00     12.849682      0.1387E+03
  70  10  11  16  15  0.69407246E+00     10.267547      0.1308E+03
  71  11  12  17  16  0.64203919E+00      6.879361      0.1210E+03
  72  12  13  18  17  0.60496823E+00      4.426104      0.1140E+03
  73  13  14  19  18  0.56966613E+00      2.055303      0.1074E+03
  74  14  15  20  19  0.53020825E+00     -0.238078      0.9994E+02
  75  15  16  21  20  0.51889063E+00     -1.096140      0.9781E+02
  76  16  17  22  21  0.51869747E+00     -0.828068      0.9777E+02
  77  17  18  23  22  0.52694912E+00     -0.487183      0.9933E+02
  78  18  19  24  23  0.52683777E+00     -0.282934      0.9931E+02
  79   1   2   8   7  0.29532961E+00     -1.120994      0.9742E+02
  80   2   3   9   8  0.29691296E+00     -0.877910      0.9794E+02
  81   3   4  10   9  0.31287593E+00      0.769093      0.1032E+03
  82   4   5  11  10  0.33249361E+00      2.929175      0.1097E+03
  83   5   6  12  11  0.35118846E+00      4.964185      0.1158E+03
  84   6   7  13  12  0.37619742E+00      7.699240      0.1241E+03
  85   7   8  14  13  0.40997310E+00     11.514120      0.1352E+03
  86   8   9  15  14  0.43974742E+00     14.492602      0.1451E+03
  87   9  10  16  15  0.42850905E+00     13.489290      0.1414E+03
  88  10  11  17  16  0.39500734E+00      9.984270      0.1303E+03
  89  11  12  18  17  0.36799518E+00      6.730743      0.1214E+03
  90  12  13  19  18  0.34902703E+00      4.597790      0.1151E+03
  91  13  14  20  19  0.32791570E+00      2.426965      0.1082E+03
  92  14  15  21  20  0.30592502E+00     -0.043338      0.1009E+03
  93  15  16  22  21  0.29467354E+00     -1.202845      0.9720E+02
  94  16  17  23  22  0.29664221E+00     -1.008637      0.9785E+02
  95  17  18  24  23  0.29948751E+00     -0.631030      0.9879E+02
  96   1   2   9   8  0.18577959E+00     -0.850814      0.9805E+02
  97   2   3  10   9  0.19665170E+00      1.017316      0.1038E+03
  98   3   4  11  10  0.20943805E+00      3.152548      0.1105E+03
  99   4   5  12  11  0.21960212E+00      4.959049      0.1159E+03
 100   5   6  13  12  0.23291412E+00      7.322040      0.1229E+03
 101   6   7  14  13  0.25107737E+00     10.603485      0.1325E+03
 102   7   8  15  14  0.26661275E+00     13.380637      0.1407E+03
 103   8   9  16  15  0.27096338E+00     14.219070      0.1430E+03
 104   9  10  17  16  0.25998103E+00     12.428237      0.1372E+03
 105  10  11  18  17  0.24337897E+00      9.276369      0.1285E+03
 106  11  12  19  18  0.22917937E+00      6.478348      0.1210E+03
 107  12  13  20  19  0.21811839E+00      4.677359      0.1151E+03
 108  13  14  21  20  0.20703441E+00      2.706123      0.1093E+03
 109  14  15  22  21  0.19141122E+00      0.159590      0.1010E+03
 110  15  16  23  22  0.18441265E+00     -1.264838      0.9733E+02
 111  16  17  24  23  0.18440417E+00     -1.163346      0.9733E+02
 112   1   2  10   9  0.13173518E+00      1.236267      0.1043E+03
 113   2   3  11  10  0.14010659E+00      3.329279      0.1109E+03
 114   3   4  12  11  0.14643011E+00      4.944007      0.1159E+03
 115   4   5  13  12  0.15395071E+00      7.018429      0.1219E+03
 116   5   6  14  13  0.16370512E+00      9.782889      0.1296E+03
 117   6   7  15  14  0.17077237E+00     11.869212      0.1352E+03
 118   7   8  16  15  0.17102605E+00     12.410701      0.1354E+03
 119   8   9  17  16  0.17135716E+00     12.486627      0.1357E+03
 120   9  10  18  17  0.16795650E+00     11.192384      0.1330E+03
 121  10  11  19  18  0.15990736E+00      8.648888      0.1266E+03
 122  11  12  20  19  0.15144036E+00      6.249694      0.1199E+03
 123  12  13  21  20  0.14589054E+00      4.733041      0.1155E+03
 124  13  14  22  21  0.13824598E+00      2.940162      0.1094E+03
 125  14  15  23  22  0.12838874E+00      0.345399      0.1016E+03
 126  15  16  24  23  0.12257870E+00     -1.293242      0.9704E+02
 127   1   2  11  10  0.98368271E-01      3.477280      0.1113E+03
 128   2   3  12  11  0.10232201E+00      4.937163      0.1157E+03
 129   3   4  13  12  0.10711791E+00      6.788496      0.1211E+03
 130   4   5  14  13  0.11266609E+00      9.166482      0.1274E+03
 131   5   6  15  14  0.11541942E+00     10.607145      0.1305E+03
 132   6   7  16  15  0.11333369E+00     10.404791      0.1282E+03
 133   7   8  17  16  0.11188943E+00     10.177522      0.1265E+03
 134   8   9  18  17  0.11451871E+00     10.772687      0.1295E+03
 135   9  10  19  18  0.11460718E+00     10.186157      0.1296E+03
 136  10  11  20  19  0.11020300E+00      8.145127      0.1246E+03
 137  11  12  21  20  0.10568618E+00      6.090302      0.1195E+03
 138  12  13  22  21  0.10182873E+00      4.778757      0.1152E+03
 139  13  14  23  22  0.97335244E-01      3.132864      0.1101E+03
 140  14  15  24  23  0.90091674E-01      0.525509      0.1019E+03
