         444
    1      1   1      1   2      1   4      1   3    0.2109379073E+01       -0.00040       79.52172
    2      1   2      1   3      1   5      1   4    0.4476180565E+01       -0.00022      168.74803
    3      1   3      1   4      1   6      1   5    0.2088714253E+01       -0.00054       78.74267
    4      1   4      1   5      1   7      1   6    0.2975999207E+01       -0.00044      112.19253
    5      1   5      1   6      1   8      1   7    0.2286556825E+01       -0.00068       86.20116
    6      1   6      1   7      1   9      1   8    0.2594917623E+01       -0.00072       97.82609
    7      1   7      1   8      1  10      1   9    0.2320571254E+01       -0.00099       87.48348
    8      1   8      1   9      1  11      1  10    0.3236195770E+01       -0.00090      122.00171
    9      1   9      1  10      1  12      1  11    0.2329161050E+01       -0.00162       87.80730
   10      1  10      1  11      1  13      1  12    0.3427698332E+01       -0.00147      129.22118
   11      1  11      1  12      1  14      1  13    0.1911914687E+01       -0.00371       72.07749
   12      1  12      1  13      1  15      1  14    0.2480224363E+01       -0.00429       93.50226
   13      1  13      1  14      1  16      1  15    0.2245309893E+01       -0.00787       84.64619
   14      1  14      1  15      1  17      1  16    0.2426785360E+01       -0.01326       91.48765
   15      1  15      1  16      1  18      1  17    0.2184053634E+01       -0.03015       82.33688
   16      1  16      1  17      1  19      1  18    0.2605306139E+01       -0.06519       98.21773
   17      1  17      1  18      1  20      1  19    0.2756348675E+01       -0.23276      103.91190
   18      1  18      1  19      1  21      1  20    0.3553079536E+01        0.62218      133.94794
   19      1  19      1  20      1  22      1  21    0.3517195427E+01        0.88319      132.59514
   20      1  20      1  21      1  23      1  22    0.4378016807E+01        2.19114      165.04735
   21      1  21      1  22      1  24      1  23    0.6086975146E+01        2.03580      229.47356
   22      1  22      1  23      1  25      1  24    0.4445833776E+01        2.01534      167.60398
   23      1   1      1   2      1   5      1   4    0.7525295551E+00       -0.00118      113.47878
   24      1   2      1   3      1   6      1   5    0.7048743992E+00       -0.00147      106.29256
   25      1   3      1   4      1   7      1   6    0.6689664884E+00       -0.00181      100.87777
   26      1   4      1   5      1   8      1   7    0.6765689992E+00       -0.00208      102.02420
   27      1   5      1   6      1   9      1   8    0.6298487275E+00       -0.00270       94.97895
   28      1   6      1   7      1  10      1   9    0.6346201573E+00       -0.00322       95.69847
   29      1   7      1   8      1  11      1  10    0.7467036264E+00       -0.00338      112.60025
   30      1   8      1   9      1  12      1  11    0.7089404485E+00       -0.00459      106.90570
   31      1   9      1  10      1  13      1  12    0.6781379432E+00       -0.00628      102.26079
   32      1  10      1  11      1  14      1  13    0.6729895971E+00       -0.00871      101.48444
   33      1  11      1  12      1  15      1  14    0.5585590591E+00       -0.01514       84.22872
   34      1  12      1  13      1  16      1  15    0.6253066778E+00       -0.02099       94.29403
   35      1  13      1  14      1  17      1  16    0.6534886862E+00       -0.03448       98.54377
   36      1  14      1  15      1  18      1  17    0.6196322652E+00       -0.06759       93.43834
   37      1  15      1  16      1  19      1  18    0.6115719220E+00       -0.15442       92.22287
   38      1  16      1  17      1  20      1  19    0.5973644619E+00       -0.38771       90.08044
   39      1  17      1  18      1  21      1  20    0.9774889532E+00        0.67233      147.40186
   40      1  18      1  19      1  22      1  21    0.8826867936E+00        0.90390      133.10603
   41      1  19      1  20      1  23      1  22    0.8587288206E+00        0.95559      129.49326
   42      1  20      1  21      1  24      1  23    0.1401331514E+01        2.26834      211.31581
   43      1  21      1  22      1  25      1  24    0.1332084368E+01        2.08937      200.87359
   44      1   1      1   2      1   6      1   5    0.2456172634E+00       -0.00384       92.59553
   45      1   2      1   3      1   7      1   6    0.2722125578E+00       -0.00403      102.62172
   46      1   3      1   4      1   8      1   7    0.2532586913E+00       -0.00508       95.47628
   47      1   4      1   5      1   9      1   8    0.2516784181E+00       -0.00605       94.88053
   48      1   5      1   6      1  10      1   9    0.2449601228E+00       -0.00751       92.34779
   49      1   6      1   7      1  11      1  10    0.2817641808E+00       -0.00791      106.22259
   50      1   7      1   8      1  12      1  11    0.2620951453E+00       -0.01059       98.80754
   51      1   8      1   9      1  13      1  12    0.2851879150E+00       -0.01269      107.51331
   52      1   9      1  10      1  14      1  13    0.2502107572E+00       -0.01939       94.32723
   53      1  10      1  11      1  15      1  14    0.2625669892E+00       -0.02598       98.98542
   54      1  11      1  12      1  16      1  15    0.2384453358E+00       -0.04246       89.89177
   55      1  12      1  13      1  17      1  16    0.2543637724E+00       -0.06348       95.89288
   56      1  13      1  14      1  18      1  17    0.2492561112E+00       -0.11256       93.96734
   57      1  14      1  15      1  19      1  18    0.2412921098E+00       -0.23000       90.96498
   58      1  15      1  16      1  20      1  19    0.2271389371E+00       -0.49780       85.62936
   59      1  16      1  17      1  21      1  20    0.3678113141E+00        0.73041      138.66160
   60      1  17      1  18      1  22      1  21    0.3696528867E+00        0.90329      139.35586
   61      1  18      1  19      1  23      1  22    0.3455479121E+00        0.93822      130.26849
   62      1  19      1  20      1  24      1  23    0.3823214522E+00        0.97991      144.13179
   63      1  20      1  21      1  25      1  24    0.5271673674E+00        2.34656      198.73742
   64      1   1      1   2      1   7      1   6    0.1284712028E+00       -0.00774       96.86500
   65      1   2      1   3      1   8      1   7    0.1263923683E+00       -0.00918       95.29760
   66      1   3      1   4      1   9      1   8    0.1250814580E+00       -0.01105       94.30920
   67      1   4      1   5      1  10      1   9    0.1210638511E+00       -0.01350       91.27999
   68      1   5      1   6      1  11      1  10    0.1318141115E+00       -0.01508       99.38550
   69      1   6      1   7      1  12      1  11    0.1293992209E+00       -0.01876       97.56471
   70      1   7      1   8      1  13      1  12    0.1307769366E+00       -0.02328       98.60349
   71      1   8      1   9      1  14      1  13    0.1318292600E+00       -0.03076       99.39692
   72      1   9      1  10      1  15      1  14    0.1272277074E+00       -0.04343       95.92743
   73      1  10      1  11      1  16      1  15    0.1311161771E+00       -0.06081       98.85927
   74      1  11      1  12      1  17      1  16    0.1213128089E+00       -0.09971       91.46770
   75      1  12      1  13      1  18      1  17    0.1218051990E+00       -0.15924       91.83896
   76      1  13      1  14      1  19      1  18    0.1171962789E+00       -0.29942       88.36391
   77      1  14      1  15      1  20      1  19    0.1103227081E+00       -0.56182       83.18136
   78      1  15      1  16      1  21      1  20    0.1855548147E+00        0.75680      139.90503
   79      1  16      1  17      1  22      1  21    0.1856161036E+00        0.90693      139.95124
   80      1  17      1  18      1  23      1  22    0.1776661544E+00        0.92563      133.95712
   81      1  18      1  19      1  24      1  23    0.1845716179E+00        0.94819      139.16372
   82      1  19      1  20      1  25      1  24    0.1833474663E+00        1.00227      138.24073
   83      1   1      1   2      1   8      1   7    0.7140307963E-01       -0.01466       94.21414
   84      1   2      1   3      1   9      1   8    0.7043553148E-01       -0.01757       92.93749
   85      1   3      1   4      1  10      1   9    0.7029173438E-01       -0.02093       92.74776
   86      1   4      1   5      1  11      1  10    0.7256795846E-01       -0.02408       95.75117
   87      1   5      1   6      1  12      1  11    0.7325403350E-01       -0.02926       96.65642
   88      1   6      1   7      1  13      1  12    0.7369624162E-01       -0.03571       97.23990
   89      1   7      1   8      1  14      1  13    0.7082371662E-01       -0.04736       93.44969
   90      1   8      1   9      1  15      1  14    0.7516750777E-01       -0.06038       99.18119
   91      1   9      1  10      1  16      1  15    0.7297761510E-01       -0.08643       96.29169
   92      1  10      1  11      1  17      1  16    0.7261828090E-01       -0.12816       95.81756
   93      1  11      1  12      1  18      1  17    0.6780268289E-01       -0.20836       89.46353
   94      1  12      1  13      1  19      1  18    0.6465833168E-01       -0.35944       85.31466
   95      1  13      1  14      1  20      1  19    0.6149945663E-01       -0.60676       81.14662
   96      1  14      1  15      1  21      1  20    0.1047775736E+00        0.77174      138.25075
   97      1  15      1  16      1  22      1  21    0.1078010128E+00        0.90526      142.24009
   98      1  16      1  17      1  23      1  22    0.1032721391E+00        0.91118      136.26438
   99      1  17      1  18      1  24      1  23    0.1049385586E+00        0.92613      138.46317
  100      1  18      1  19      1  25      1  24    0.1020228755E+00        0.95455      134.61601
  101      1   1      1   2      1   9      1   8    0.4388531949E-01       -0.02525       92.64850
  102      1   2      1   3      1  10      1   9    0.4336930937E-01       -0.03015       91.55913
  103      1   3      1   4      1  11      1  10    0.4557593995E-01       -0.03424       96.21766
  104      1   4      1   5      1  12      1  11    0.4466736643E-01       -0.04179       94.29952
  105      1   5      1   6      1  13      1  12    0.4583548210E-01       -0.05021       96.76559
  106      1   6      1   7      1  14      1  13    0.4404277261E-01       -0.06493       92.98091
  107      1   7      1   8      1  15      1  14    0.4422014496E-01       -0.08344       93.35537
  108      1   8      1   9      1  16      1  15    0.4620299254E-01       -0.11007       97.54146
  109      1   9      1  10      1  17      1  16    0.4396986036E-01       -0.16370       92.82698
  110      1  10      1  11      1  18      1  17    0.4341188364E-01       -0.24501       91.64901
  111      1  11      1  12      1  19      1  18    0.3957522917E-01       -0.41392       83.54926
  112      1  12      1  13      1  20      1  19    0.3750532749E-01       -0.63671       79.17938
  113      1  13      1  14      1  21      1  20    0.6464346627E-01        0.78382      136.47207
  114      1  14      1  15      1  22      1  21    0.6656907102E-01        0.90260      140.53731
  115      1  15      1  16      1  23      1  22    0.6527807315E-01        0.90018      137.81182
  116      1  16      1  17      1  24      1  23    0.6569068511E-01        0.90503      138.68291
  117      1  17      1  18      1  25      1  24    0.6329899869E-01        0.92617      133.63370
  118      1   1      1   2      1  10      1   9    0.2884909336E-01       -0.04032       91.35716
  119      1   2      1   3      1  11      1  10    0.2968984146E-01       -0.04633       94.01957
  120      1   3      1   4      1  12      1  11    0.3006514120E-01       -0.05497       95.20805
  121      1   4      1   5      1  13      1  12    0.2969579440E-01       -0.06680       94.03843
  122      1   5      1   6      1  14      1  13    0.2947946084E-01       -0.08386       93.35336
  123      1   6      1   7      1  15      1  14    0.2918579823E-01       -0.10619       92.42341
  124      1   7      1   8      1  16      1  15    0.2895706791E-01       -0.14012       91.69908
  125      1   8      1   9      1  17      1  16    0.2933941777E-01       -0.19420       92.90988
  126      1   9      1  10      1  18      1  17    0.2807322307E-01       -0.28689       88.90019
  127      1  10      1  11      1  19      1  18    0.2673780494E-01       -0.45029       84.67129
  128      1  11      1  12      1  20      1  19    0.2486904296E-01       -0.65900       78.75343
  129      1  12      1  13      1  21      1  20    0.4242172775E-01        0.79336      134.33796
  130      1  13      1  14      1  22      1  21    0.4386576067E-01        0.90234      138.91082
  131      1  14      1  15      1  23      1  22    0.4306211429E-01        0.89242      136.36589
  132      1  15      1  16      1  24      1  23    0.4385897540E-01        0.89225      138.88933
  133      1  16      1  17      1  25      1  24    0.4229715517E-01        0.90231      133.94348
  134      1   1      1   2      1  11      1  10    0.2056860624E-01       -0.05908       93.05018
  135      1   2      1   3      1  12      1  11    0.2057844171E-01       -0.07019       93.09468
  136      1   3      1   4      1  13      1  12    0.2090807365E-01       -0.08328       94.58590
  137      1   4      1   5      1  14      1  13    0.2011072943E-01       -0.10472       90.97880
  138      1   5      1   6      1  15      1  14    0.2046602235E-01       -0.12937       92.58610
  139      1   6      1   7      1  16      1  15    0.1998705663E-01       -0.16783       90.41931
  140      1   7      1   8      1  17      1  16    0.1936547422E-01       -0.23041       87.60734
  141      1   8      1   9      1  18      1  17    0.1955575944E-01       -0.32051       88.46817
  142      1   9      1  10      1  19      1  18    0.1824902086E-01       -0.48809       82.55663
  143      1  10      1  11      1  20      1  19    0.1765436467E-01       -0.67031       79.86646
  144      1  11      1  12      1  21      1  20    0.2977343126E-01        0.80344      134.69183
  145      1  12      1  13      1  22      1  21    0.3022328672E-01        0.90207      136.72693
  146      1  13      1  14      1  23      1  22    0.2986519748E-01        0.88959      135.10697
  147      1  14      1  15      1  24      1  23    0.3028655016E-01        0.88509      137.01313
  148      1  15      1  16      1  25      1  24    0.2963697291E-01        0.89054      134.07451
  149      2   1      2   2      2   4      2   3    0.2366756903E+01       -0.00033       89.22463
  150      2   2      2   3      2   5      2   4    0.2482023257E+01       -0.00037       93.57007
  151      2   3      2   4      2   6      2   5    0.3052883977E+01       -0.00034      115.09101
  152      2   4      2   5      2   7      2   6    0.2434856918E+01       -0.00050       91.79194
  153      2   5      2   6      2   8      2   7    0.3253270648E+01       -0.00045      122.64541
  154      2   6      2   7      2   9      2   8    0.2158662099E+01       -0.00079       81.37964
  155      2   7      2   8      2  10      2   9    0.3101134056E+01       -0.00068      116.91000
  156      2   8      2   9      2  11      2  10    0.2168881062E+01       -0.00120       81.76489
  157      2   9      2  10      2  12      2  11    0.2088231934E+01       -0.00162       78.72449
  158      2  10      2  11      2  13      2  12    0.3180712863E+01       -0.00143      119.91005
  159      2  11      2  12      2  14      2  13    0.2314768052E+01       -0.00277       87.26470
  160      2  12      2  13      2  15      2  14    0.2389696102E+01       -0.00399       90.08942
  161      2  13      2  14      2  16      2  15    0.2745381466E+01       -0.00577      103.49844
  162      2  14      2  15      2  17      2  16    0.1970990248E+01       -0.01422       74.30458
  163      2  15      2  16      2  18      2  17    0.2469416956E+01       -0.02353       93.09483
  164      2  16      2  17      2  19      2  18    0.2518063152E+01       -0.06155       94.92874
  165      2  17      2  18      2  20      2  19    0.2516102315E+01       -0.24991       94.85482
  166      2  18      2  19      2  21      2  20    0.3288384458E+01        0.86775      123.96917
  167      2  19      2  20      2  22      2  21    0.4284435270E+01        1.00875      161.51940
  168      2  20      2  21      2  23      2  22    0.5390503481E+01        2.20016      203.21719
  169      2  21      2  22      2  24      2  23    0.4659607597E+01        2.04248      175.66307
  170      2  22      2  23      2  25      2  24    0.5734393690E+01        2.01284      216.18155
  171      2   1      2   2      2   5      2   4    0.6018543328E+00       -0.00139       90.75750
  172      2   2      2   3      2   6      2   5    0.6764380535E+00       -0.00144      102.00446
  173      2   3      2   4      2   7      2   6    0.6685777784E+00       -0.00167      100.81915
  174      2   4      2   5      2   8      2   7    0.7024297520E+00       -0.00187      105.92391
  175      2   5      2   6      2   9      2   8    0.8143966773E+00       -0.00191      122.80813
  176      2   6      2   7      2  10      2   9    0.6312252654E+00       -0.00296       95.18653
  177      2   7      2   8      2  11      2  10    0.6743021775E+00       -0.00344      101.68237
  178      2   8      2   9      2  12      2  11    0.5596048600E+00       -0.00518       84.38642
  179      2   9      2  10      2  13      2  12    0.6290241018E+00       -0.00613       94.85460
  180      2  10      2  11      2  14      2  13    0.6987104734E+00       -0.00762      105.36306
  181      2  11      2  12      2  15      2  14    0.6196107058E+00       -0.01223       93.43509
  182      2  12      2  13      2  16      2  15    0.6382124400E+00       -0.01866       96.24017
  183      2  13      2  14      2  17      2  16    0.6644428646E+00       -0.03097      100.19562
  184      2  14      2  15      2  18      2  17    0.5803206131E+00       -0.06425       87.51029
  185      2  15      2  16      2  19      2  18    0.6014861417E+00       -0.14202       90.70197
  186      2  16      2  17      2  20      2  19    0.6179139400E+00       -0.39890       93.17923
  187      2  17      2  18      2  21      2  20    0.8411912545E+00        0.80238      126.84865
  188      2  18      2  19      2  22      2  21    0.9134508435E+00        0.81699      137.74514
  189      2  19      2  20      2  23      2  22    0.1016580471E+01        0.96790      153.29672
  190      2  20      2  21      2  24      2  23    0.1408108739E+01        2.29868      212.33780
  191      2  21      2  22      2  25      2  24    0.1387420705E+01        2.08612      209.21811
  192      2   1      2   2      2   6      2   5    0.2460263092E+00       -0.00360       92.74973
  193      2   2      2   3      2   7      2   6    0.2578310915E+00       -0.00400       97.20003
  194      2   3      2   4      2   8      2   7    0.2685663295E+00       -0.00445      101.24712
  195      2   4      2   5      2   9      2   8    0.2738446707E+00       -0.00513      103.23701
  196      2   5      2   6      2  10      2   9    0.3003438869E+00       -0.00563      113.22698
  197      2   6      2   7      2  11      2  10    0.2382960851E+00       -0.00854       89.83551
  198      2   7      2   8      2  12      2  11    0.2505689505E+00       -0.01017       94.46227
  199      2   8      2   9      2  13      2  12    0.2367056963E+00       -0.01374       89.23595
  200      2   9      2  10      2  14      2  13    0.2548502619E+00       -0.01739       96.07629
  201      2  10      2  11      2  15      2  14    0.2669976658E+00       -0.02314      100.65575
  202      2  11      2  12      2  16      2  15    0.2494184535E+00       -0.03691       94.02854
  203      2  12      2  13      2  17      2  16    0.2361849513E+00       -0.06321       89.03963
  204      2  13      2  14      2  18      2  17    0.2599250147E+00       -0.10125       97.98942
  205      2  14      2  15      2  19      2  18    0.2222892467E+00       -0.22856       83.80107
  206      2  15      2  16      2  20      2  19    0.2234521722E+00       -0.53032       84.23948
  207      2  16      2  17      2  21      2  20    0.3504240605E+00        0.79181      132.10676
  208      2  17      2  18      2  22      2  21    0.3473665494E+00        0.79757      130.95410
  209      2  18      2  19      2  23      2  22    0.3630035032E+00        0.84345      136.84910
  210      2  19      2  20      2  24      2  23    0.3805838289E+00        0.94561      143.47672
  211      2  20      2  21      2  25      2  24    0.6138537998E+00        2.36479      231.41743
  212      2   1      2   2      2   7      2   6    0.1224952690E+00       -0.00764       92.35926
  213      2   2      2   3      2   8      2   7    0.1307314867E+00       -0.00838       98.56922
  214      2   3      2   4      2   9      2   8    0.1325957327E+00       -0.00956       99.97483
  215      2   4      2   5      2  10      2   9    0.1335935406E+00       -0.01130      100.72716
  216      2   5      2   6      2  11      2  10    0.1361135245E+00       -0.01339      102.62718
  217      2   6      2   7      2  12      2  11    0.1169523363E+00       -0.01890       88.17998
  218      2   7      2   8      2  13      2  12    0.1256569182E+00       -0.02245       94.74308
  219      2   8      2   9      2  14      2  13    0.1214196185E+00       -0.03021       91.54824
  220      2   9      2  10      2  15      2  14    0.1295157894E+00       -0.03904       97.65260
  221      2  10      2  11      2  16      2  15    0.1296395271E+00       -0.05666       97.74590
  222      2  11      2  12      2  17      2  16    0.1164836000E+00       -0.09632       87.82657
  223      2  12      2  13      2  18      2  17    0.1191812065E+00       -0.15407       89.86051
  224      2  13      2  14      2  19      2  18    0.1188143504E+00       -0.28699       89.58391
  225      2  14      2  15      2  20      2  19    0.1051524170E+00       -0.61822       79.28305
  226      2  15      2  16      2  21      2  20    0.1752858984E+00        0.79142      132.16245
  227      2  16      2  17      2  22      2  21    0.1780021043E+00        0.79739      134.21042
  228      2  17      2  18      2  23      2  22    0.1763618440E+00        0.83320      132.97370
  229      2  18      2  19      2  24      2  23    0.1803193252E+00        0.85683      135.95757
  230      2  19      2  20      2  25      2  24    0.1981208977E+00        0.93811      149.37964
  231      2   1      2   2      2   8      2   7    0.7136201655E-01       -0.01385       94.15996
  232      2   2      2   3      2   9      2   8    0.7612359657E-01       -0.01518      100.44272
  233      2   3      2   4      2  10      2   9    0.7417059264E-01       -0.01821       97.86579
  234      2   4      2   5      2  11      2  10    0.7334552293E-01       -0.02198       96.77714
  235      2   5      2   6      2  12      2  11    0.7452623957E-01       -0.02634       98.33506
  236      2   6      2   7      2  13      2  12    0.6719416284E-01       -0.03590       88.66061
  237      2   7      2   8      2  14      2  13    0.7226779914E-01       -0.04342       95.35511
  238      2   8      2   9      2  15      2  14    0.7087618203E-01       -0.05802       93.51892
  239      2   9      2  10      2  16      2  15    0.7300992267E-01       -0.08066       96.33432
  240      2  10      2  11      2  17      2  16    0.6908617160E-01       -0.12670       91.15706
  241      2  11      2  12      2  18      2  17    0.6710196632E-01       -0.19968       88.53896
  242      2  12      2  13      2  19      2  18    0.6365863732E-01       -0.35661       83.99559
  243      2  13      2  14      2  20      2  19    0.6241933352E-01       -0.66506       82.36037
  244      2  14      2  15      2  21      2  20    0.9947576553E-01        0.79179      131.25518
  245      2  15      2  16      2  22      2  21    0.1014677682E+00        0.79971      133.88357
  246      2  16      2  17      2  23      2  22    0.1029280228E+00        0.83021      135.81033
  247      2  17      2  18      2  24      2  23    0.1005313976E+00        0.84615      132.64805
  248      2  18      2  19      2  25      2  24    0.1088838553E+00        0.86343      143.66886
  249      2   1      2   2      2   9      2   8    0.4601858982E-01       -0.02254       97.15216
  250      2   2      2   3      2  10      2   9    0.4662082575E-01       -0.02623       98.42357
  251      2   3      2   4      2  11      2  10    0.4506751556E-01       -0.03176       95.14430
  252      2   4      2   5      2  12      2  11    0.4505262418E-01       -0.03815       95.11286
  253      2   5      2   6      2  13      2  12    0.4557290112E-01       -0.04653       96.21124
  254      2   6      2   7      2  14      2  13    0.4248795603E-01       -0.06219       89.69846
  255      2   7      2   8      2  15      2  14    0.4560833867E-01       -0.07612       96.28606
  256      2   8      2   9      2  16      2  15    0.4385358766E-01       -0.10701       92.58151
  257      2   9      2  10      2  17      2  16    0.4314839559E-01       -0.15927       91.09275
  258      2  10      2  11      2  18      2  17    0.4278881094E-01       -0.23909       90.33361
  259      2  11      2  12      2  19      2  18    0.3910120609E-01       -0.41003       82.54852
  260      2  12      2  13      2  20      2  19    0.3714140051E-01       -0.71137       78.41108
  261      2  13      2  14      2  21      2  20    0.6501051853E-01        0.79250      137.24697
  262      2  14      2  15      2  22      2  21    0.6260844906E-01        0.79823      132.17584
  263      2  15      2  16      2  23      2  22    0.6393430058E-01        0.82901      134.97492
  264      2  16      2  17      2  24      2  23    0.6384580081E-01        0.84167      134.78808
  265      2  17      2  18      2  25      2  24    0.6606723820E-01        0.85316      139.47787
  266      2   1      2   2      2  10      2   9    0.3022152104E-01       -0.03610       95.70326
  267      2   2      2   3      2  11      2  10    0.3038097597E-01       -0.04237       96.20821
  268      2   3      2   4      2  12      2  11    0.2970889160E-01       -0.05094       94.07990
  269      2   4      2   5      2  13      2  12    0.2946562413E-01       -0.06232       93.30954
  270      2   5      2   6      2  14      2  13    0.3009730585E-01       -0.07635       95.30990
  271      2   6      2   7      2  15      2  14    0.2879682605E-01       -0.10004       91.19164
  272      2   7      2   8      2  16      2  15    0.2986716989E-01       -0.13058       94.58113
  273      2   8      2   9      2  17      2  16    0.2779249544E-01       -0.19306       88.01120
  274      2   9      2  10      2  18      2  17    0.2833013598E-01       -0.27783       89.71376
  275      2  10      2  11      2  19      2  18    0.2640736952E-01       -0.45262       83.62489
  276      2  11      2  12      2  20      2  19    0.2439788592E-01       -0.74244       77.26140
  277      2  12      2  13      2  21      2  20    0.4229616756E-01        0.79541      133.94035
  278      2  13      2  14      2  22      2  21    0.4317968232E-01        0.79721      136.73820
  279      2  14      2  15      2  23      2  22    0.4192597412E-01        0.82565      132.76805
  280      2  15      2  16      2  24      2  23    0.4220048147E-01        0.84015      133.63734
  281      2  16      2  17      2  25      2  24    0.4431984207E-01        0.84904      140.34877
  282      2   1      2   2      2  11      2  10    0.2079622704E-01       -0.05488       94.07991
  283      2   2      2   3      2  12      2  11    0.2101539012E-01       -0.06431       95.07139
  284      2   3      2   4      2  13      2  12    0.2036271718E-01       -0.07864       92.11876
  285      2   4      2   5      2  14      2  13    0.2043398177E-01       -0.09621       92.44116
  286      2   5      2   6      2  15      2  14    0.2108753484E-01       -0.11759       95.39776
  287      2   6      2   7      2  16      2  15    0.1985903237E-01       -0.16012       89.84015
  288      2   7      2   8      2  17      2  16    0.1978860996E-01       -0.22184       89.52156
  289      2   8      2   9      2  18      2  17    0.1905561150E-01       -0.31624       86.20556
  290      2   9      2  10      2  19      2  18    0.1832110020E-01       -0.49124       82.88270
  291      2  10      2  11      2  20      2  19    0.1727782975E-01       -0.76379       78.16306
  292      2  11      2  12      2  21      2  20    0.2948610388E-01        0.80017      133.39199
  293      2  12      2  13      2  22      2  21    0.2953323419E-01        0.79939      133.60520
  294      2  13      2  14      2  23      2  22    0.3011950500E-01        0.82501      136.25743
  295      2  14      2  15      2  24      2  23    0.2899069630E-01        0.83847      131.15082
  296      2  15      2  16      2  25      2  24    0.3052659169E-01        0.84858      138.09905
  297      3   1      3   2      3   4      3   3    0.3445517008E+01       -0.00022      129.89293
  298      3   2      3   3      3   5      3   4    0.2444861786E+01       -0.00037       92.16912
  299      3   3      3   4      3   6      3   5    0.2182073171E+01       -0.00048       82.26222
  300      3   4      3   5      3   7      3   6    0.3147238614E+01       -0.00039      118.64810
  301      3   5      3   6      3   8      3   7    0.2367159194E+01       -0.00061       89.23980
  302      3   6      3   7      3   9      3   8    0.2551856622E+01       -0.00067       96.20273
  303      3   7      3   8      3  10      3   9    0.2929713346E+01       -0.00071      110.44759
  304      3   8      3   9      3  11      3  10    0.2350630214E+01       -0.00110       88.61667
  305      3   9      3  10      3  12      3  11    0.2188839136E+01       -0.00154       82.51729
  306      3  10      3  11      3  13      3  12    0.2785459273E+01       -0.00161      105.00934
  307      3  11      3  12      3  14      3  13    0.2614029572E+01       -0.00249       98.54659
  308      3  12      3  13      3  15      3  14    0.2045300452E+01       -0.00461       77.10601
  309      3  13      3  14      3  16      3  15    0.3405525888E+01       -0.00473      128.38530
  310      3  14      3  15      3  17      3  16    0.2240792818E+01       -0.01262       84.47590
  311      3  15      3  16      3  18      3  17    0.2555016327E+01       -0.02328       96.32185
  312      3  16      3  17      3  19      3  18    0.2719271143E+01       -0.05784      102.51411
  313      3  17      3  18      3  20      3  19    0.2576762768E+01       -0.24590       97.14167
  314      3  18      3  19      3  21      3  20    0.3042068422E+01        0.76504      114.68328
  315      3  19      3  20      3  22      3  21    0.3707928252E+01        0.79076      139.78560
  316      3  20      3  21      3  23      3  22    0.4586202476E+01        2.21496      172.89576
  317      3  21      3  22      3  24      3  23    0.5495677839E+01        2.03692      207.18217
  318      3  22      3  23      3  25      3  24    0.5735916823E+01        2.01218      216.23897
  319      3   1      3   2      3   5      3   4    0.6602640878E+00       -0.00126       99.56548
  320      3   2      3   3      3   6      3   5    0.6355992660E+00       -0.00152       95.84611
  321      3   3      3   4      3   7      3   6    0.6313431546E+00       -0.00177       95.20430
  322      3   4      3   5      3   8      3   7    0.6325646809E+00       -0.00209       95.38851
  323      3   5      3   6      3   9      3   8    0.7400061426E+00       -0.00209      111.59030
  324      3   6      3   7      3  10      3   9    0.7021071454E+00       -0.00266      105.87526
  325      3   7      3   8      3  11      3  10    0.6146009421E+00       -0.00373       92.67964
  326      3   8      3   9      3  12      3  11    0.6044736067E+00       -0.00476       91.15247
  327      3   9      3  10      3  13      3  12    0.6201739346E+00       -0.00613       93.52003
  328      3  10      3  11      3  14      3  13    0.6863539532E+00       -0.00774      103.49974
  329      3  11      3  12      3  15      3  14    0.6676390134E+00       -0.01140      100.67759
  330      3  12      3  13      3  16      3  15    0.6999065111E+00       -0.01673      105.54342
  331      3  13      3  14      3  17      3  16    0.7369382012E+00       -0.02880      111.12766
  332      3  14      3  15      3  18      3  17    0.5766668956E+00       -0.06694       86.95932
  333      3  15      3  16      3  19      3  18    0.6493783666E+00       -0.13191       97.92395
  334      3  16      3  17      3  20      3  19    0.6908029012E+00       -0.35139      104.17062
  335      3  17      3  18      3  21      3  20    0.8658157406E+00        0.79798      130.56194
  336      3  18      3  19      3  22      3  21    0.9063347034E+00        0.86455      136.67205
  337      3  19      3  20      3  23      3  22    0.8262391060E+00        0.85384      124.59392
  338      3  20      3  21      3  24      3  23    0.1411122751E+01        2.30478      212.79230
  339      3  21      3  22      3  25      3  24    0.1499278229E+01        2.07976      226.08583
  340      3   1      3   2      3   6      3   5    0.2600805805E+00       -0.00338       98.04807
  341      3   2      3   3      3   7      3   6    0.2580599099E+00       -0.00398       97.28629
  342      3   3      3   4      3   8      3   7    0.2337499340E+00       -0.00510       88.12165
  343      3   4      3   5      3   9      3   8    0.2762455775E+00       -0.00508      104.14213
  344      3   5      3   6      3  10      3   9    0.2880015300E+00       -0.00583      108.57402
  345      3   6      3   7      3  11      3  10    0.2504805876E+00       -0.00808       94.42896
  346      3   7      3   8      3  12      3  11    0.2541977391E+00       -0.00995       95.83029
  347      3   8      3   9      3  13      3  12    0.2473641287E+00       -0.01293       93.25408
  348      3   9      3  10      3  14      3  13    0.2366236879E+00       -0.01866       89.20503
  349      3  10      3  11      3  15      3  14    0.2682538614E+00       -0.02270      101.12932
  350      3  11      3  12      3  16      3  15    0.2763559204E+00       -0.03333      104.18373
  351      3  12      3  13      3  17      3  16    0.2457595489E+00       -0.06034       92.64917
  352      3  13      3  14      3  18      3  17    0.2656016285E+00       -0.10517      100.12945
  353      3  14      3  15      3  19      3  18    0.2264782768E+00       -0.22693       85.38030
  354      3  15      3  16      3  20      3  19    0.2534318861E+00       -0.46032       95.54157
  355      3  16      3  17      3  21      3  20    0.3506077957E+00        0.80728      132.17603
  356      3  17      3  18      3  22      3  21    0.3651123255E+00        0.84569      137.64410
  357      3  18      3  19      3  23      3  22    0.3492149579E+00        0.86626      131.65094
  358      3  19      3  20      3  24      3  23    0.3559670280E+00        0.87792      134.19641
  359      3  20      3  21      3  25      3  24    0.6097030197E+00        2.37294      229.85262
  360      3   1      3   2      3   7      3   6    0.1285142387E+00       -0.00722       96.89745
  361      3   2      3   3      3   8      3   7    0.1227798486E+00       -0.00887       92.57382
  362      3   3      3   4      3   9      3   8    0.1300803669E+00       -0.00969       98.07829
  363      3   4      3   5      3  10      3   9    0.1341004663E+00       -0.01125      101.10937
  364      3   5      3   6      3  11      3  10    0.1340765167E+00       -0.01345      101.09131
  365      3   6      3   7      3  12      3  11    0.1291754440E+00       -0.01707       97.39599
  366      3   7      3   8      3  13      3  12    0.1285468766E+00       -0.02161       96.92206
  367      3   8      3   9      3  14      3  13    0.1169515819E+00       -0.03110       88.17942
  368      3   9      3  10      3  15      3  14    0.1269409554E+00       -0.03925       95.71123
  369      3  10      3  11      3  16      3  15    0.1318385479E+00       -0.05452       99.40392
  370      3  11      3  12      3  17      3  16    0.1256044707E+00       -0.09044       94.70354
  371      3  12      3  13      3  18      3  17    0.1187348824E+00       -0.15769       89.52399
  372      3  13      3  14      3  19      3  18    0.1239456981E+00       -0.28794       93.45285
  373      3  14      3  15      3  20      3  19    0.1131075869E+00       -0.56398       85.28111
  374      3  15      3  16      3  21      3  20    0.1751306456E+00        0.81589      132.04540
  375      3  16      3  17      3  22      3  21    0.1802124346E+00        0.82691      135.87697
  376      3  17      3  18      3  23      3  22    0.1770044395E+00        0.83583      133.45820
  377      3  18      3  19      3  24      3  23    0.1807833741E+00        0.87425      136.30745
  378      3  19      3  20      3  25      3  24    0.1858176169E+00        0.89592      140.10318
  379      3   1      3   2      3   8      3   7    0.7017280783E-01       -0.01393       92.59084
  380      3   2      3   3      3   9      3   8    0.7593717029E-01       -0.01510      100.19674
  381      3   3      3   4      3  10      3   9    0.7313234568E-01       -0.01835       96.49586
  382      3   4      3   5      3  11      3  10    0.7423607024E-01       -0.02160       97.95219
  383      3   5      3   6      3  12      3  11    0.7717027715E-01       -0.02519      101.82378
  384      3   6      3   7      3  13      3  12    0.7372289177E-01       -0.03246       97.27506
  385      3   7      3   8      3  14      3  13    0.6903032419E-01       -0.04505       91.08337
  386      3   8      3   9      3  15      3  14    0.7132993569E-01       -0.05664       94.11763
  387      3   9      3  10      3  16      3  15    0.7213256874E-01       -0.07986       95.17668
  388      3  10      3  11      3  17      3  16    0.7006758241E-01       -0.12320       92.45200
  389      3  11      3  12      3  18      3  17    0.6912436361E-01       -0.20155       91.20745
  390      3  12      3  13      3  19      3  18    0.6366866825E-01       -0.35928       84.00883
  391      3  13      3  14      3  20      3  19    0.6869983283E-01       -0.61704       90.64729
  392      3  14      3  15      3  21      3  20    0.9876474515E-01        0.82337      130.31701
  393      3  15      3  16      3  22      3  21    0.1020852651E+00        0.82020      134.69833
  394      3  16      3  17      3  23      3  22    0.1015431303E+00        0.81709      133.98300
  395      3  17      3  18      3  24      3  23    0.1023544771E+00        0.84284      135.05355
  396      3  18      3  19      3  25      3  24    0.1070076819E+00        0.87749      141.19331
  397      3   1      3   2      3   9      3   8    0.4654710021E-01       -0.02199       98.26792
  398      3   2      3   3      3  10      3   9    0.4616206587E-01       -0.02628       97.45506
  399      3   3      3   4      3  11      3  10    0.4499690703E-01       -0.03146       94.99523
  400      3   4      3   5      3  12      3  11    0.4669457434E-01       -0.03663       98.57926
  401      3   5      3   6      3  13      3  12    0.4729407330E-01       -0.04416       99.84490
  402      3   6      3   7      3  14      3  13    0.4313019468E-01       -0.06111       91.05432
  403      3   7      3   8      3  15      3  14    0.4544539757E-01       -0.07510       95.94206
  404      3   8      3   9      3  16      3  15    0.4373909921E-01       -0.10474       92.33981
  405      3   9      3  10      3  17      3  16    0.4294051378E-01       -0.15760       90.65388
  406      3  10      3  11      3  18      3  17    0.4202130114E-01       -0.24514       88.71328
  407      3  11      3  12      3  19      3  18    0.4012227180E-01       -0.41250       84.70414
  408      3  12      3  13      3  20      3  19    0.3872182357E-01       -0.67197       81.74759
  409      3  13      3  14      3  21      3  20    0.6674513635E-01        0.82646      140.90901
  410      3  14      3  15      3  22      3  21    0.6313281897E-01        0.81632      133.28287
  411      3  15      3  16      3  23      3  22    0.6295073307E-01        0.81161      132.89846
  412      3  16      3  17      3  24      3  23    0.6359625981E-01        0.82649      134.26126
  413      3  17      3  18      3  25      3  24    0.6552395975E-01        0.84646      138.33092
  414      3   1      3   2      3  10      3   9    0.2997723619E-01       -0.03591       94.92968
  415      3   2      3   3      3  11      3  10    0.3023949191E-01       -0.04204       95.76017
  416      3   3      3   4      3  12      3  11    0.3010159500E-01       -0.04969       95.32349
  417      3   4      3   5      3  13      3  12    0.3065933899E-01       -0.05933       97.08971
  418      3   5      3   6      3  14      3  13    0.2938830854E-01       -0.07726       93.06470
  419      3   6      3   7      3  15      3  14    0.2998061455E-01       -0.09534       94.94037
  420      3   7      3   8      3  16      3  15    0.2954753011E-01       -0.12902       93.56891
  421      3   8      3   9      3  17      3  16    0.2767591559E-01       -0.19041       87.64202
  422      3   9      3  10      3  18      3  17    0.2743338871E-01       -0.28776       86.87401
  423      3  10      3  11      3  19      3  18    0.2586101994E-01       -0.46066       81.89475
  424      3  11      3  12      3  20      3  19    0.2586268371E-01       -0.70635       81.90002
  425      3  12      3  13      3  21      3  20    0.4175790950E-01        0.83232      132.23583
  426      3  13      3  14      3  22      3  21    0.4467699191E-01        0.81477      141.47976
  427      3  14      3  15      3  23      3  22    0.4187682253E-01        0.80858      132.61240
  428      3  15      3  16      3  24      3  23    0.4189413252E-01        0.82251      132.66721
  429      3  16      3  17      3  25      3  24    0.4315359521E-01        0.83250      136.65559
  430      3   1      3   2      3  11      3  10    0.2059979027E-01       -0.05441       93.19126
  431      3   2      3   3      3  12      3  11    0.2110107035E-01       -0.06316       95.45899
  432      3   3      3   4      3  13      3  12    0.2080171903E-01       -0.07579       94.10476
  433      3   4      3   5      3  14      3  13    0.2012417447E-01       -0.09691       91.03962
  434      3   5      3   6      3  15      3  14    0.2120386737E-01       -0.11497       95.92404
  435      3   6      3   7      3  16      3  15    0.2041575746E-01       -0.15410       92.35871
  436      3   7      3   8      3  17      3  16    0.1957888722E-01       -0.22044       88.57280
  437      3   8      3   9      3  18      3  17    0.1845310977E-01       -0.32629       83.47990
  438      3   9      3  10      3  19      3  18    0.1773862358E-01       -0.50347       80.24764
  439      3  10      3  11      3  20      3  19    0.1748609400E-01       -0.73422       79.10523
  440      3  11      3  12      3  21      3  20    0.2971672603E-01        0.83763      134.43530
  441      3  12      3  13      3  22      3  21    0.2932664934E-01        0.81587      132.67064
  442      3  13      3  14      3  23      3  22    0.3083019456E-01        0.80907      139.47251
  443      3  14      3  15      3  24      3  23    0.2919105794E-01        0.82167      132.05723
  444      3  15      3  16      3  25      3  24    0.2966669961E-01        0.83062      134.20899
