         140
    1      1      2      3      4   -0.1038294298E+02       97.85693
    2      2      3      4      5   -0.1057084270E+02       99.62785
    3      3      4      5      6   -0.1030621589E+02       97.13380
    4      4      5      6      7   -0.1058653518E+02       99.77574
    5      5      6      7      8   -0.1040850978E+02       98.09789
    6      6      7      8      9   -0.1047209422E+02       98.69716
    7      7      8      9     10   -0.1047164678E+02       98.69295
    8      8      9     10     11   -0.1038869349E+02       97.91113
    9      9     10     11     12   -0.1079188905E+02      101.71116
   10     10     11     12     13   -0.1038286949E+02       97.85624
   11     11     12     13     14   -0.1056482755E+02       99.57115
   12     12     13     14     15   -0.1067973356E+02      100.65412
   13     13     14     15     16   -0.1061401560E+02      100.03474
   14     14     15     16     17   -0.1017745524E+02       95.92026
   15     15     16     17     18   -0.1056037349E+02       99.52918
   16     16     17     18     19   -0.1064150626E+02      100.29383
   17     17     18     19     20   -0.1051119109E+02       99.06564
   18     18     19     20     21   -0.1044869919E+02       98.47667
   19     19     20     21     22   -0.1048994980E+02       98.86545
   20     20     21     22     23   -0.1054521716E+02       99.38633
   21     21     22     23     24   -0.1043878184E+02       98.38320
   22      1      2      4      5   -0.2635658952E+01       99.36200
   23      2      3      5      6   -0.2611748766E+01       98.46061
   24      3      4      6      7   -0.2616155389E+01       98.62673
   25      4      5      7      8   -0.2616018386E+01       98.62157
   26      5      6      8      9   -0.2597692485E+01       97.93070
   27      6      7      9     10   -0.2674964324E+01      100.84378
   28      7      8     10     11   -0.2753378956E+01      103.79994
   29      8      9     11     12   -0.2864710893E+01      107.99706
   30      9     10     12     13   -0.2903230174E+01      109.44920
   31     10     11     13     14   -0.2907146760E+01      109.59685
   32     11     12     14     15   -0.2928717695E+01      110.41006
   33     12     13     15     16   -0.2842996976E+01      107.17846
   34     13     14     16     17   -0.2710198322E+01      102.17207
   35     14     15     17     18   -0.2618862758E+01       98.72880
   36     15     16     18     19   -0.2621318373E+01       98.82137
   37     16     17     19     20   -0.2597654943E+01       97.92928
   38     17     18     20     21   -0.2652072430E+01       99.98078
   39     18     19     21     22   -0.2622744515E+01       98.87514
   40     19     20     22     23   -0.2664699250E+01      100.45680
   41     20     21     23     24   -0.2629655342E+01       99.13567
   42      1      2      5      6   -0.1048648205E+01       98.83276
   43      2      3      6      7   -0.1043748712E+01       98.37100
   44      3      4      7      8   -0.1040993330E+01       98.11131
   45      4      5      8      9   -0.1036797103E+01       97.71582
   46      5      6      9     10   -0.1074614020E+01      101.27999
   47      6      7     10     11   -0.1134703067E+01      106.94324
   48      7      8     11     12   -0.1202361521E+01      113.31990
   49      8      9     12     13   -0.1281188084E+01      120.74913
   50      9     10     13     14   -0.1324306212E+01      124.81292
   51     10     11     14     15   -0.1317055066E+01      124.12952
   52     11     12     15     16   -0.1258169265E+01      118.57966
   53     12     13     16     17   -0.1182839113E+01      111.47996
   54     13     14     17     18   -0.1117838792E+01      105.35382
   55     14     15     18     19   -0.1057794721E+01       99.69480
   56     15     16     19     20   -0.1034872976E+01       97.53448
   57     16     17     20     21   -0.1045032126E+01       98.49196
   58     17     18     21     22   -0.1050774913E+01       99.03320
   59     18     19     22     23   -0.1057436396E+01       99.66103
   60     19     20     23     24   -0.1058769461E+01       99.78667
   61      1      2      6      7   -0.5213280116E+00       98.26802
   62      2      3      7      8   -0.5179990135E+00       97.64051
   63      3      4      8      9   -0.5191506684E+00       97.85760
   64      4      5      9     10   -0.5419415310E+00      102.15357
   65      5      6     10     11   -0.5756707449E+00      108.51138
   66      6      7     11     12   -0.6119575726E+00      115.35128
   67      7      8     12     13   -0.6585151389E+00      124.12718
   68      8      9     13     14   -0.7173674796E+00      135.22058
   69      9     10     14     15   -0.7354257676E+00      138.62449
   70     10     11     15     16   -0.6936741686E+00      130.75450
   71     11     12     16     17   -0.6416628653E+00      120.95060
   72     12     13     17     18   -0.6045987587E+00      113.96418
   73     13     14     18     19   -0.5693002101E+00      107.31056
   74     14     15     19     20   -0.5298823810E+00       99.88048
   75     15     16     20     21   -0.5185749058E+00       97.74907
   76     16     17     21     22   -0.5183935198E+00       97.71488
   77     17     18     22     23   -0.5266418549E+00       99.26965
   78     18     19     23     24   -0.5265521991E+00       99.25275
   79      1      2      7      8   -0.2952092809E+00       97.37987
   80      2      3      8      9   -0.2967897677E+00       97.90122
   81      3      4      9     10   -0.3127396455E+00      103.16256
   82      4      5     10     11   -0.3323438485E+00      109.62934
   83      5      6     11     12   -0.3510307791E+00      115.79355
   84      6      7     12     13   -0.3760284363E+00      124.03946
   85      7      8     13     14   -0.4097949062E+00      135.17791
   86      8      9     14     15   -0.4395555795E+00      144.99498
   87      9     10     15     16   -0.4283216309E+00      141.28927
   88     10     11     16     17   -0.3948330476E+00      130.24248
   89     11     12     17     18   -0.3678256520E+00      121.33363
   90     12     13     18     19   -0.3488593745E+00      115.07728
   91     13     14     19     20   -0.3277592791E+00      108.11705
   92     14     15     20     21   -0.3057840629E+00      100.86814
   93     15     16     21     22   -0.2945440169E+00       97.16042
   94     16     17     22     23   -0.2965134320E+00       97.81006
   95     17     18     23     24   -0.2993633365E+00       98.75015
   96      1      2      8      9   -0.1857190346E+00       98.02020
   97      2      3      9     10   -0.1965827347E+00      103.75392
   98      3      4     10     11   -0.2093608399E+00      110.49805
   99      4      5     11     12   -0.2195202986E+00      115.86008
  100      5      6     12     13   -0.2328296534E+00      122.88460
  101      6      7     13     14   -0.2509875354E+00      132.46810
  102      7      8     14     15   -0.2665198413E+00      140.66586
  103      8      9     15     16   -0.2708699514E+00      142.96179
  104      9     10     16     17   -0.2598895253E+00      137.16646
  105     10     11     17     18   -0.2432894645E+00      128.40515
  106     11     12     18     19   -0.2290909907E+00      120.91138
  107     12     13     19     20   -0.2180334579E+00      115.07535
  108     13     14     20     21   -0.2069538031E+00      109.22764
  109     14     15     21     22   -0.1913414838E+00      100.98766
  110     15     16     22     23   -0.1843484063E+00       97.29680
  111     16     17     23     24   -0.1843427724E+00       97.29382
  112      1      2      9     10   -0.1316959589E+00      104.26123
  113      2      3     10     11   -0.1400619511E+00      110.88443
  114      3      4     11     12   -0.1463828353E+00      115.88856
  115      4      5     12     13   -0.1539018485E+00      121.84122
  116      5      6     13     14   -0.1636551900E+00      129.56276
  117      6      7     14     15   -0.1707221489E+00      135.15754
  118      7      8     15     16   -0.1709787160E+00      135.36066
  119      8      9     16     17   -0.1713089975E+00      135.62214
  120      9     10     17     18   -0.1679056689E+00      132.92779
  121     10     11     18     19   -0.1598558045E+00      126.55486
  122     11     12     19     20   -0.1513901658E+00      119.85277
  123     12     13     20     21   -0.1458410610E+00      115.45965
  124     13     14     21     22   -0.1382000403E+00      109.41039
  125     14     15     22     23   -0.1283490620E+00      101.61156
  126     15     16     23     24   -0.1225436560E+00       97.01553
  127      1      2     10     11   -0.9834044553E-01      111.22042
  128      2      3     11     12   -0.1022925275E+00      115.69012
  129      3      4     12     13   -0.1070875353E+00      121.11315
  130      4      5     13     14   -0.1126352254E+00      127.38744
  131      5      6     14     15   -0.1153901127E+00      130.50314
  132      6      7     15     16   -0.1133074245E+00      128.14768
  133      7      8     16     17   -0.1118645192E+00      126.51579
  134      8      9     17     18   -0.1144910969E+00      129.48638
  135      9     10     18     19   -0.1145763373E+00      129.58278
  136     10     11     19     20   -0.1101714847E+00      124.60101
  137     11     12     20     21   -0.1056547352E+00      119.49269
  138     12     13     21     22   -0.1017980127E+00      115.13084
  139     13     14     22     23   -0.9730658859E-01      110.05116
  140     14     15     23     24   -0.9006765246E-01      101.86412
