190					
1	1.0	3.0	4.0	6.0	-16.640338061482346
2	1.0	3.0	6.0	8.0	-2.2775595533839645
3	1.0	3.0	8.0	10.0	-0.6338064338474513
4	1.0	3.0	10.0	12.0	-0.3072641835828579
5	1.0	3.0	12.0	14.0	-0.165593244980664
6	1.0	3.0	14.0	16.0	-0.0947161516787726
7	1.0	3.0	16.0	5.0	7.613226510452561
8	1.0	3.0	5.0	7.0	-5.503948558703621
9	1.0	3.0	7.0	9.0	-1.1894377936448521
10	1.0	3.0	9.0	11.0	-0.4752304347632143
11	1.0	3.0	11.0	13.0	-0.2578003467437507
12	1.0	3.0	13.0	15.0	-0.13101452324633653
13	2.0	4.0	5.0	7.0	-28.318935116072783
14	2.0	4.0	7.0	9.0	-2.4797239141414718
15	2.0	4.0	9.0	11.0	-0.8745691646486078
16	2.0	4.0	11.0	13.0	-0.4359207053427536
17	2.0	4.0	13.0	15.0	-0.20919050683519272
18	2.0	4.0	15.0	17.0	-0.12146247735209388
19	2.0	4.0	17.0	6.0	8.01685597455702
20	2.0	4.0	6.0	8.0	-5.74800995268938
21	2.0	4.0	8.0	10.0	-1.2118301931315942
22	2.0	4.0	10.0	12.0	-0.5350080217121048
23	2.0	4.0	12.0	14.0	-0.269322074294325
24	2.0	4.0	14.0	16.0	-0.14801967739066685
25	3.0	5.0	6.0	8.0	-20.70983868754018
26	3.0	5.0	8.0	10.0	-2.5830977419499495
27	3.0	5.0	10.0	12.0	-1.039810434296733
28	3.0	5.0	12.0	14.0	-0.4963492141605873
29	3.0	5.0	14.0	16.0	-0.2645660479052877
30	3.0	5.0	16.0	18.0	-0.15671908399490658
31	3.0	5.0	18.0	7.0	9.296619885352836
32	3.0	5.0	7.0	9.0	-5.999341267125749
33	3.0	5.0	9.0	11.0	-1.7891156585303132
34	3.0	5.0	11.0	13.0	-0.8259845451001141
35	3.0	5.0	13.0	15.0	-0.3790679713527008
36	3.0	5.0	15.0	17.0	-0.21393066372763295
37	4.0	6.0	7.0	9.0	-21.762143347098192
38	4.0	6.0	9.0	11.0	-3.847554723713953
39	4.0	6.0	11.0	13.0	-1.5200501484655518
40	4.0	6.0	13.0	15.0	-0.6437892614577938
41	4.0	6.0	15.0	17.0	-0.3486669109881461
42	4.0	6.0	17.0	19.0	-0.1721096607991934
43	4.0	6.0	19.0	8.0	9.6698153194066
44	4.0	6.0	8.0	10.0	-6.049274966477526
45	4.0	6.0	10.0	12.0	-1.9788925962763968
46	4.0	6.0	12.0	14.0	-0.8879256085052998
47	4.0	6.0	14.0	16.0	-0.4329774781861955
48	4.0	6.0	16.0	18.0	-0.25389418052591983
49	5.0	7.0	8.0	10.0	-19.17790242839186
50	5.0	7.0	10.0	12.0	-3.827289314925873
51	5.0	7.0	12.0	14.0	-1.4403484812889946
52	5.0	7.0	14.0	16.0	-0.6673460841891481
53	5.0	7.0	16.0	18.0	-0.37925294279061694
54	5.0	7.0	18.0	20.0	-0.2076636930060836
55	5.0	7.0	20.0	9.0	13.789042165538778
56	5.0	7.0	9.0	11.0	-9.201471215773877
57	5.0	7.0	11.0	13.0	-2.6947324680217672
58	5.0	7.0	13.0	15.0	-1.0145801731425044
59	5.0	7.0	15.0	17.0	-0.5273870051699365
60	5.0	7.0	17.0	19.0	-0.2544524057807284
61	6.0	8.0	9.0	11.0	-41.117306874803575
62	6.0	8.0	11.0	13.0	-5.275683825298847
63	6.0	8.0	13.0	15.0	-1.529017201602199
64	6.0	8.0	15.0	17.0	-0.7357529971729078
65	6.0	8.0	17.0	19.0	-0.3450472994969498
66	6.0	8.0	19.0	21.0	-0.19810106001699448
67	6.0	8.0	21.0	10.0	13.341153941191006
68	6.0	8.0	10.0	12.0	-9.188902454977544
69	6.0	8.0	12.0	14.0	-2.299926143287468
70	6.0	8.0	14.0	16.0	-0.9662006769277504
71	6.0	8.0	16.0	18.0	-0.5170170482384006
72	6.0	8.0	18.0	20.0	-0.2751537174590912
73	7.0	9.0	10.0	12.0	-17.252537119779127
74	7.0	9.0	12.0	14.0	-2.6998066830306016
75	7.0	9.0	14.0	16.0	-0.9428691531203623
76	7.0	9.0	16.0	18.0	-0.4820400458813225
77	7.0	9.0	18.0	20.0	-0.25067400650381183
78	7.0	9.0	20.0	22.0	-0.14294129775430808
79	7.0	9.0	22.0	11.0	10.470124956001408
80	7.0	9.0	11.0	13.0	-7.608142130612043
81	7.0	9.0	13.0	15.0	-1.5997559271596598
82	7.0	9.0	15.0	17.0	-0.6971484494666365
83	7.0	9.0	17.0	19.0	-0.3150926402083766
84	7.0	9.0	19.0	21.0	-0.17896191940254047
85	8.0	10.0	11.0	13.0	-31.393695224446372
86	8.0	10.0	13.0	15.0	-2.7165476092759286
87	8.0	10.0	15.0	17.0	-0.9204191143541828
88	8.0	10.0	17.0	19.0	-0.379724261972374
89	8.0	10.0	19.0	21.0	-0.20753113977088333
90	8.0	10.0	21.0	23.0	-0.1498394784401596
91	8.0	10.0	23.0	12.0	8.629998083189571
92	8.0	10.0	12.0	14.0	-6.151410167311043
93	8.0	10.0	14.0	16.0	-1.3587804448843641
94	8.0	10.0	16.0	18.0	-0.6047736129870593
95	8.0	10.0	18.0	20.0	-0.2953328488790431
96	8.0	10.0	20.0	22.0	-0.16261749713705564
97	9.0	11.0	12.0	14.0	-15.336459699903436
98	9.0	11.0	14.0	16.0	-2.0033707118604207
99	9.0	11.0	16.0	18.0	-0.7897216593269769
100	9.0	11.0	18.0	20.0	-0.3656395368742511
101	9.0	11.0	20.0	22.0	-0.19659897065446316
102	9.0	11.0	22.0	24.0	-0.11399755892994005
103	9.0	11.0	24.0	13.0	6.868501616960113
104	9.0	11.0	13.0	15.0	-4.690017326190487
105	9.0	11.0	15.0	17.0	-1.256716572843055
106	9.0	11.0	17.0	19.0	-0.4798561034136926
107	9.0	11.0	19.0	21.0	-0.2531343560073381
108	9.0	11.0	21.0	23.0	-0.1785941628769081
109	10.0	12.0	13.0	15.0	-19.203127606100413
110	10.0	12.0	15.0	17.0	-2.5562372462519893
111	10.0	12.0	17.0	19.0	-0.7933999896240946
112	10.0	12.0	19.0	21.0	-0.3950852779725255
113	10.0	12.0	21.0	23.0	-0.2675965019047468
114	10.0	12.0	23.0	14.0	7.4383275261324036
115	10.0	12.0	14.0	16.0	-4.977246061760352
116	10.0	12.0	16.0	18.0	-1.4468636186128692
117	10.0	12.0	18.0	20.0	-0.5806746102978181
118	10.0	12.0	20.0	22.0	-0.2995103847422128
119	10.0	12.0	22.0	24.0	-0.16607910067054618
120	11.0	13.0	14.0	16.0	-17.333044693430807
121	11.0	13.0	16.0	18.0	-2.7310208321879523
122	11.0	13.0	18.0	20.0	-0.9495160856855154
123	11.0	13.0	20.0	22.0	-0.4529629439846419
124	11.0	13.0	22.0	24.0	-0.2448554380284473
125	11.0	13.0	24.0	15.0	8.22568951930654
126	11.0	13.0	15.0	17.0	-5.8166227067581024
127	11.0	13.0	17.0	19.0	-1.3828072753604672
128	11.0	13.0	19.0	21.0	-0.6100238557943525
129	11.0	13.0	21.0	23.0	-0.394824490538008
130	12.0	14.0	15.0	17.0	-23.4587428478584
131	12.0	14.0	17.0	19.0	-2.536429907944269
132	12.0	14.0	19.0	21.0	-0.9160587152253497
133	12.0	14.0	21.0	23.0	-0.5498990685783769
134	12.0	14.0	23.0	16.0	8.634349955476402
135	12.0	14.0	16.0	18.0	-6.1887432814908765
136	12.0	14.0	18.0	20.0	-1.55717042847715
137	12.0	14.0	20.0	22.0	-0.6564261320117715
138	12.0	14.0	22.0	24.0	-0.3381754485067542
139	13.0	15.0	16.0	18.0	-23.46831963509912
140	13.0	15.0	18.0	20.0	-2.742018936510985
141	13.0	15.0	20.0	22.0	-1.0104959946968433
142	13.0	15.0	22.0	24.0	-0.4829364966194482
143	13.0	15.0	24.0	17.0	7.791679748822606
144	13.0	15.0	17.0	19.0	-5.335519821234106
145	13.0	15.0	19.0	21.0	-1.484333300627943
146	13.0	15.0	21.0	23.0	-0.8150754458022303
147	14.0	16.0	17.0	19.0	-17.64755571543266
148	14.0	16.0	19.0	21.0	-2.624791933490619
149	14.0	16.0	21.0	23.0	-1.2309732740795607
150	14.0	16.0	23.0	18.0	7.994285714285714
151	14.0	16.0	18.0	20.0	-5.862845115365733
152	14.0	16.0	20.0	22.0	-1.6247862257074668
153	14.0	16.0	22.0	24.0	-0.6916366879945783
154	15.0	17.0	18.0	20.0	-28.357736212693094
155	15.0	17.0	20.0	22.0	-3.496354304574207
156	15.0	17.0	22.0	24.0	-1.2336101542460738
157	15.0	17.0	24.0	19.0	9.626882661996495
158	15.0	17.0	19.0	21.0	-7.033062687640729
159	15.0	17.0	21.0	23.0	-2.3341365455499563
160	16.0	18.0	19.0	21.0	-20.140602039096727
161	16.0	18.0	21.0	23.0	-3.9257393650914674
162	16.0	18.0	23.0	20.0	8.413088235294117
163	16.0	18.0	20.0	22.0	-6.851401095044223
164	16.0	18.0	22.0	24.0	-1.89611974789916
165	17.0	19.0	20.0	22.0	-21.835975381321923
166	17.0	19.0	22.0	24.0	-3.5559507035450943
167	17.0	19.0	24.0	21.0	9.812000000000001
168	17.0	19.0	21.0	23.0	-9.113112191058038
169	18.0	20.0	21.0	23.0	-34.879494475947666
170	18.0	20.0	23.0	22.0	7.4702479338842975
171	18.0	20.0	22.0	24.0	-8.747565525383706
172	19.0	21.0	22.0	24.0	-22.306372632377556
173	5.0	7.0	3.0	2.0	2.8670506912442395
174	6.0	8.0	5.0	2.0	21.298172757475086
175	7.0	9.0	5.0	2.0	6.485532994923857
176	8.0	10.0	7.0	2.0	22.01548924967091
177	9.0	11.0	7.0	2.0	11.177216828478963
178	10.0	12.0	9.0	2.0	22.206365834004828
179	11.0	13.0	9.0	2.0	11.220257826887662
180	12.0	14.0	11.0	2.0	20.053869903119345
181	13.0	15.0	11.0	2.0	7.764619764131759
182	14.0	16.0	13.0	2.0	21.203494097407606
183	15.0	17.0	14.0	3.0	28.16420531292211
184	16.0	18.0	15.0	4.0	28.105329457364334
185	17.0	19.0	16.0	5.0	21.788493540617477
186	18.0	20.0	17.0	6.0	32.59083979497963
187	19.0	21.0	18.0	7.0	24.300966183574875
188	20.0	22.0	19.0	8.0	26.933431451253234
189	21.0	23.0	20.0	9.0	40.863114526432746
190	22.0	24.0	21.0	10.0	27.985328589367928
