822
1	1 1	1 2	1 3	1 4	-21.07967941
2	1 2	1 3	1 4	1 5	-22.14309582
3	1 3	1 4	1 5	1 6	-21.05973218
4	1 4	1 5	1 6	1 7	-35.94398826
5	1 5	1 6	1 7	1 8	-38.34207051
6	1 6	1 7	1 8	1 9	-72.42855381
7	1 7	1 8	1 9	1 10	-64.6225281
8	1 8	1 9	1 10	1 11	-43.89427979
9	1 9	1 10	1 11	1 12	-29.213894
10	1 10	1 11	1 12	1 13	-24.72402004
11	1 11	1 12	1 13	1 14	-26.27290608
12	1 12	1 13	1 14	1 15	-26.33457762
13	1 13	1 14	1 15	1 16	-22.85743301
14	1 14	1 15	1 16	1 17	-21.59268618
15	1 15	1 16	1 17	1 18	-21.49165635
16	1 16	1 17	1 18	1 19	-23.61398763
17	1 17	1 18	1 19	1 20	-22.01644314
18	1 18	1 19	1 20	1 21	-20.96627645
19	1 19	1 20	1 21	1 22	-20.18801207
20	1 20	1 21	1 22	1 23	-24.37553057
21	1 21	1 22	1 23	1 24	-26.41104252
22	1 1	1 2	1 4	1 5	-3.092415598
23	1 2	1 3	1 5	1 6	-3.103963933
24	1 3	1 4	1 6	1 7	-6.139616251
25	1 4	1 5	1 7	1 8	-8.770025575
26	1 5	1 6	1 8	1 9	-10.07123792
27	1 6	1 7	1 9	1 10	-18.46114139
28	1 7	1 8	1 10	1 11	-11.82207452
29	1 8	1 9	1 11	1 12	-11.87531478
30	1 9	1 10	1 12	1 13	-8.050041977
31	1 10	1 11	1 13	1 14	-6.397268114
32	1 11	1 12	1 14	1 15	-6.344224367
33	1 12	1 13	1 15	1 16	-4.888969527
34	1 13	1 14	1 16	1 17	-3.931194361
35	1 14	1 15	1 17	1 18	-3.489488099
36	1 15	1 16	1 18	1 19	-3.670207484
37	1 16	1 17	1 19	1 20	-3.80722404
38	1 17	1 18	1 20	1 21	-3.408290319
39	1 18	1 19	1 21	1 22	-3.321687885
40	1 19	1 20	1 22	1 23	-3.924123891
41	1 20	1 21	1 23	1 24	-5.070850658
42	1 1	1 2	1 5	1 6	-0.7381010181
43	1 2	1 3	1 6	1 7	-1.401420619
44	1 3	1 4	1 7	1 8	-2.156994908
45	1 4	1 5	1 8	1 9	-3.48437499
46	1 5	1 6	1 9	1 10	-3.758924878
47	1 6	1 7	1 10	1 11	-5.21605436
48	1 7	1 8	1 11	1 12	-4.843935796
49	1 8	1 9	1 12	1 13	-4.968820171
50	1 9	1 10	1 13	1 14	-3.52145223
51	1 10	1 11	1 14	1 15	-2.36639498
52	1 11	1 12	1 15	1 16	-1.762346894
53	1 12	1 13	1 16	1 17	-1.431676318
54	1 13	1 14	1 17	1 18	-1.244995047
55	1 14	1 15	1 18	1 19	-1.048661275
56	1 15	1 16	1 19	1 20	-0.9973466925
57	1 16	1 17	1 20	1 21	-0.9924564993
58	1 17	1 18	1 21	1 22	-1.040021815
59	1 18	1 19	1 22	1 23	-1.287369368
60	1 19	1 20	1 23	1 24	-1.509918787
61	1 1	1 2	1 6	1 7	-0.5835427084
62	1 2	1 3	1 7	1 8	-0.6394491026
63	1 3	1 4	1 8	1 9	-1.004077945
64	1 4	1 5	1 9	1 10	-1.533361151
65	1 5	1 6	1 10	1 11	-1.272471541
66	1 6	1 7	1 11	1 12	-2.565490093
67	1 7	1 8	1 12	1 13	-2.459856742
68	1 8	1 9	1 13	1 14	-2.586537481
69	1 9	1 10	1 14	1 15	-1.628903043
70	1 10	1 11	1 15	1 16	-0.8162574544
71	1 11	1 12	1 16	1 17	-0.6912508151
72	1 12	1 13	1 17	1 18	-0.6544948838
73	1 13	1 14	1 18	1 19	-0.5857593494
74	1 14	1 15	1 19	1 20	-0.4536834309
75	1 15	1 16	1 20	1 21	-0.3954448085
76	1 16	1 17	1 21	1 22	-0.4868640027
77	1 17	1 18	1 22	1 23	-0.6323104368
78	1 18	1 19	1 23	1 24	-0.6980148875
79	1 1	1 2	1 7	1 8	-0.3696912188
80	1 2	1 3	1 8	1 9	-0.3651838834
81	1 3	1 4	1 9	1 10	-0.4813025367
82	1 4	1 5	1 10	1 11	-0.5732211788
83	1 5	1 6	1 11	1 12	-0.692043875
84	1 6	1 7	1 12	1 13	-1.455476246
85	1 7	1 8	1 13	1 14	-1.435093218
86	1 8	1 9	1 14	1 15	-1.300101283
87	1 9	1 10	1 15	1 16	-0.652765185
88	1 10	1 11	1 16	1 17	-0.3915044064
89	1 11	1 12	1 17	1 18	-0.3813798036
90	1 12	1 13	1 18	1 19	-0.3739896462
91	1 13	1 14	1 19	1 20	-0.3339051282
92	1 14	1 15	1 20	1 21	-0.2473550434
93	1 15	1 16	1 21	1 22	-0.267111388
94	1 16	1 17	1 22	1 23	-0.3735784814
95	1 17	1 18	1 23	1 24	-0.4095883079
96	1 1	1 2	1 8	1 9	-0.2686314059
97	1 2	1 3	1 9	1 10	-0.2015991308
98	1 3	1 4	1 10	1 11	-0.1916995211
99	1 4	1 5	1 11	1 12	-0.3314295674
100	1 5	1 6	1 12	1 13	-0.4229870056
101	1 6	1 7	1 13	1 14	-0.9144569758
102	1 7	1 8	1 14	1 15	-0.7678753231
103	1 8	1 9	1 15	1 16	-0.5567767451
104	1 9	1 10	1 16	1 17	-0.360768841
105	1 10	1 11	1 17	1 18	-0.244559378
106	1 11	1 12	1 18	1 19	-0.2406862679
107	1 12	1 13	1 19	1 20	-0.2365218563
108	1 13	1 14	1 20	1 21	-0.2110554736
109	1 14	1 15	1 21	1 22	-0.2050249444
110	1 15	1 16	1 22	1 23	-0.2323542923
111	1 16	1 17	1 23	1 24	-0.2640608403
112	1 1	1 2	1 9	1 10	-0.171561029
113	1 2	1 3	1 10	1 11	-0.09087782254
114	1 3	1 4	1 11	1 12	-0.1163184986
115	1 4	1 5	1 12	1 13	-0.2125429616
116	1 5	1 6	1 13	1 14	-0.28071444
117	1 6	1 7	1 14	1 15	-0.5111957327
118	1 7	1 8	1 15	1 16	-0.3493403407
119	1 8	1 9	1 16	1 17	-0.3283720503
120	1 9	1 10	1 17	1 18	-0.2457164981
121	1 10	1 11	1 18	1 19	-0.165729939
122	1 11	1 12	1 19	1 20	-0.1616743574
123	1 12	1 13	1 20	1 21	-0.1590643127
124	1 13	1 14	1 21	1 22	-0.1924490438
125	1 14	1 15	1 22	1 23	-0.1935832755
126	1 15	1 16	1 23	1 24	-0.1735103876
127	1 1	1 2	1 10	1 11	-0.08689157171
128	1 2	1 3	1 11	1 12	-0.06148703851
129	1 3	1 4	1 12	1 13	-0.07799457307
130	1 4	1 5	1 13	1 14	-0.1461434762
131	1 5	1 6	1 14	1 15	-0.1623382887
132	1 6	1 7	1 15	1 16	-0.2437244495
133	1 7	1 8	1 16	1 17	-0.2191114837
134	1 8	1 9	1 17	1 18	-0.2329387243
135	1 9	1 10	1 18	1 19	-0.1757707707
136	1 10	1 11	1 19	1 20	-0.1169098209
137	1 11	1 12	1 20	1 21	-0.1136925442
138	1 12	1 13	1 21	1 22	-0.1524173432
139	1 13	1 14	1 22	1 23	-0.1894355456
140	1 14	1 15	1 23	1 24	-0.1513501288
141	1 1	1 4	1 2	1 3	64.17999499
142	1 2	1 5	1 3	1 4	59.3477419
143	1 3	1 6	1 4	1 5	78.67782559
144	1 4	1 7	1 5	1 6	81.62448793
145	1 5	1 8	1 6	1 7	148.8896813
146	1 6	1 9	1 7	1 8	139.6360332
147	1 7	1 10	1 8	1 9	156.2157857
148	1 8	1 11	1 9	1 10	135.2939044
149	1 9	1 12	1 10	1 11	99.78984653
150	1 10	1 13	1 11	1 12	87.09116254
151	1 11	1 14	1 12	1 13	78.06057876
152	1 12	1 15	1 13	1 14	72.49287597
153	1 13	1 16	1 14	1 15	67.88917428
154	1 14	1 17	1 15	1 16	60.33759188
155	1 15	1 18	1 16	1 17	59.75979565
156	1 16	1 19	1 17	1 18	57.12952221
157	1 17	1 20	1 18	1 19	58.26189188
158	1 18	1 21	1 19	1 20	56.66874008
159	1 19	1 22	1 20	1 21	61.17111193
160	1 20	1 23	1 21	1 22	66.50601608
161	1 21	1 24	1 22	1 23	73.83420212
162	1 1	1 7	1 3	1 5	28.56703997
163	1 2	1 8	1 4	1 6	30.93943724
164	1 3	1 9	1 5	1 7	46.52897027
165	1 4	1 10	1 6	1 8	49.95740677
166	1 5	1 11	1 7	1 9	54.67107425
167	1 6	1 12	1 8	1 10	51.01397834
168	1 7	1 13	1 9	1 11	52.75691254
169	1 8	1 14	1 10	1 12	44.50332628
170	1 9	1 15	1 11	1 13	44.21207722
171	1 10	1 16	1 12	1 14	39.07828034
172	1 11	1 17	1 13	1 15	33.04902863
173	1 12	1 18	1 14	1 16	27.57195537
174	1 13	1 19	1 15	1 17	22.94022252
175	1 14	1 20	1 16	1 18	20.87783242
176	1 15	1 21	1 17	1 19	20.22455273
177	1 16	1 22	1 18	1 20	21.01700075
178	1 17	1 23	1 19	1 21	22.96117557
179	1 18	1 24	1 20	1 22	27.34372785
180	1 1	1 10	1 4	1 7	22.19243991
181	1 2	1 11	1 5	1 8	26.59788397
182	1 3	1 12	1 6	1 9	30.67118737
183	1 4	1 13	1 7	1 10	27.92275915
184	1 5	1 14	1 8	1 11	24.52064184
185	1 6	1 15	1 9	1 12	21.14109587
186	1 7	1 16	1 10	1 13	23.18238495
187	1 8	1 17	1 11	1 14	25.51978342
188	1 9	1 18	1 12	1 15	26.37732551
189	1 10	1 19	1 13	1 16	22.76718293
190	1 11	1 20	1 14	1 17	17.98726153
191	1 12	1 21	1 15	1 18	15.25125901
192	1 13	1 22	1 16	1 19	14.82932219
193	1 14	1 23	1 17	1 20	14.68692067
194	1 15	1 24	1 18	1 21	14.89228227
195	1 1	1 3	1 5	1 7	-5.827028278
196	1 2	1 4	1 6	1 8	-10.33748088
197	1 3	1 5	1 7	1 9	-15.41547342
198	1 4	1 6	1 8	1 10	-18.84789894
199	1 5	1 7	1 9	1 11	-28.70859217
200	1 6	1 8	1 10	1 12	-24.44755477
201	1 7	1 9	1 11	1 13	-24.14792748
202	1 8	1 10	1 12	1 14	-19.12685186
203	1 9	1 11	1 13	1 15	-13.91401837
204	1 10	1 12	1 14	1 16	-11.2892237
205	1 11	1 13	1 15	1 17	-8.774243554
206	1 12	1 14	1 16	1 18	-7.262360609
207	1 13	1 15	1 17	1 19	-6.36890377
208	1 14	1 16	1 18	1 20	-6.169898882
209	1 15	1 17	1 19	1 21	-6.192472041
210	1 16	1 18	1 20	1 22	-5.927632635
211	1 17	1 19	1 21	1 23	-6.281389505
212	1 18	1 20	1 22	1 24	-7.419426934
213	1 1	1 3	1 7	1 9	-1.642955611
214	1 2	1 4	1 8	1 10	-2.052163496
215	1 3	1 5	1 9	1 11	-2.779584388
216	1 4	1 6	1 10	1 12	-2.869166162
217	1 5	1 7	1 11	1 13	-5.13599722
218	1 6	1 8	1 12	1 14	-6.264883182
219	1 7	1 9	1 13	1 15	-6.089607306
220	1 8	1 10	1 14	1 16	-4.138546256
221	1 9	1 11	1 15	1 17	-2.221295887
222	1 10	1 12	1 16	1 18	-1.708694403
223	1 11	1 13	1 17	1 19	-1.650550601
224	1 12	1 14	1 18	1 20	-1.53017598
225	1 13	1 15	1 19	1 21	-1.245999076
226	1 14	1 16	1 20	1 22	-1.114936184
227	1 15	1 17	1 21	1 23	-1.359908164
228	1 16	1 18	1 22	1 24	-1.679538066
229	1 1	1 3	1 9	1 11	-0.550929554
230	1 2	1 4	1 10	1 12	-0.4603828808
231	1 3	1 5	1 11	1 13	-0.7382856008
232	1 4	1 6	1 12	1 14	-1.062387883
233	1 5	1 7	1 13	1 15	-1.868705437
234	1 6	1 8	1 14	1 16	-1.872135846
235	1 7	1 9	1 15	1 17	-1.45360062
236	1 8	1 10	1 16	1 18	-1.167796114
237	1 9	1 11	1 17	1 19	-0.8317765858
238	1 10	1 12	1 18	1 20	-0.6850003852
239	1 11	1 13	1 19	1 21	-0.6709530706
240	1 12	1 14	1 20	1 22	-0.7149861732
241	1 13	1 15	1 21	1 23	-0.7804928094
242	1 14	1 16	1 22	1 24	-0.7507980842
243	1 1	1 3	1 11	1 13	-0.2238951042
244	1 2	1 4	1 12	1 14	-0.2148708822
245	1 3	1 5	1 13	1 15	-0.3217974004
246	1 4	1 6	1 14	1 16	-0.3730993289
247	1 5	1 7	1 15	1 17	-0.5393793184
248	1 6	1 8	1 16	1 18	-0.6626440219
249	1 7	1 9	1 17	1 19	-0.6876825421
250	1 8	1 10	1 18	1 20	-0.6044617705
251	1 9	1 11	1 19	1 21	-0.4296286968
252	1 10	1 12	1 20	1 22	-0.4018211097
253	1 11	1 13	1 21	1 23	-0.5366625691
254	1 12	1 14	1 22	1 24	-0.6208014654
255	1 1	1 5	1 9	1 13	-4.292694647
256	1 2	1 6	1 10	1 14	-4.606807809
257	1 3	1 7	1 11	1 15	-8.064785658
258	1 4	1 8	1 12	1 16	-9.57250624
259	1 5	1 9	1 13	1 17	-9.951292681
260	1 6	1 10	1 14	1 18	-7.841122238
261	1 7	1 11	1 15	1 19	-5.194355635
262	1 8	1 12	1 16	1 20	-4.165952672
263	1 9	1 13	1 17	1 21	-3.582908955
264	1 10	1 14	1 18	1 22	-3.331983648
265	1 11	1 15	1 19	1 23	-3.234107525
266	1 12	1 16	1 20	1 24	-3.201521907
267	1 1	1 5	1 13	1 17	-0.6089340471
268	1 2	1 6	1 14	1 18	-0.6540759568
269	1 3	1 7	1 15	1 19	-0.9980186127
270	1 4	1 8	1 16	1 20	-1.291559613
271	1 5	1 9	1 17	1 21	-1.553319356
272	1 6	1 10	1 18	1 22	-1.679021952
273	1 7	1 11	1 19	1 23	-1.624217239
274	1 8	1 12	1 20	1 24	-1.628447287
275	2 1	2 2	2 3	2 4	-21.07967941
276	2 2	2 3	2 4	2 5	-22.14309582
277	2 3	2 4	2 5	2 6	-21.05973218
278	2 4	2 5	2 6	2 7	-35.94398826
279	2 5	2 6	2 7	2 8	-38.34207051
280	2 6	2 7	2 8	2 9	-72.42855381
281	2 7	2 8	2 9	2 10	-64.6225281
282	2 8	2 9	2 10	2 11	-43.89427979
283	2 9	2 10	2 11	2 12	-29.213894
284	2 10	2 11	2 12	2 13	-24.72402004
285	2 11	2 12	2 13	2 14	-26.27290608
286	2 12	2 13	2 14	2 15	-26.33457762
287	2 13	2 14	2 15	2 16	-22.85743301
288	2 14	2 15	2 16	2 17	-21.59268618
289	2 15	2 16	2 17	2 18	-21.49165635
290	2 16	2 17	2 18	2 19	-23.61398763
291	2 17	2 18	2 19	2 20	-22.01644314
292	2 18	2 19	2 20	2 21	-20.96627645
293	2 19	2 20	2 21	2 22	-20.18801207
294	2 20	2 21	2 22	2 23	-24.37553057
295	2 21	2 22	2 23	2 24	-26.41104252
296	2 1	2 2	2 4	2 5	-3.092415598
297	2 2	2 3	2 5	2 6	-3.103963933
298	2 3	2 4	2 6	2 7	-6.139616251
299	2 4	2 5	2 7	2 8	-8.770025575
300	2 5	2 6	2 8	2 9	-10.07123792
301	2 6	2 7	2 9	2 10	-18.46114139
302	2 7	2 8	2 10	2 11	-11.82207452
303	2 8	2 9	2 11	2 12	-11.87531478
304	2 9	2 10	2 12	2 13	-8.050041977
305	2 10	2 11	2 13	2 14	-6.397268114
306	2 11	2 12	2 14	2 15	-6.344224367
307	2 12	2 13	2 15	2 16	-4.888969527
308	2 13	2 14	2 16	2 17	-3.931194361
309	2 14	2 15	2 17	2 18	-3.489488099
310	2 15	2 16	2 18	2 19	-3.670207484
311	2 16	2 17	2 19	2 20	-3.80722404
312	2 17	2 18	2 20	2 21	-3.408290319
313	2 18	2 19	2 21	2 22	-3.321687885
314	2 19	2 20	2 22	2 23	-3.924123891
315	2 20	2 21	2 23	2 24	-5.070850658
316	2 1	2 2	2 5	2 6	-0.7381010181
317	2 2	2 3	2 6	2 7	-1.401420619
318	2 3	2 4	2 7	2 8	-2.156994908
319	2 4	2 5	2 8	2 9	-3.48437499
320	2 5	2 6	2 9	2 10	-3.758924878
321	2 6	2 7	2 10	2 11	-5.21605436
322	2 7	2 8	2 11	2 12	-4.843935796
323	2 8	2 9	2 12	2 13	-4.968820171
324	2 9	2 10	2 13	2 14	-3.52145223
325	2 10	2 11	2 14	2 15	-2.36639498
326	2 11	2 12	2 15	2 16	-1.762346894
327	2 12	2 13	2 16	2 17	-1.431676318
328	2 13	2 14	2 17	2 18	-1.244995047
329	2 14	2 15	2 18	2 19	-1.048661275
330	2 15	2 16	2 19	2 20	-0.9973466925
331	2 16	2 17	2 20	2 21	-0.9924564993
332	2 17	2 18	2 21	2 22	-1.040021815
333	2 18	2 19	2 22	2 23	-1.287369368
334	2 19	2 20	2 23	2 24	-1.509918787
335	2 1	2 2	2 6	2 7	-0.5835427084
336	2 2	2 3	2 7	2 8	-0.6394491026
337	2 3	2 4	2 8	2 9	-1.004077945
338	2 4	2 5	2 9	2 10	-1.533361151
339	2 5	2 6	2 10	2 11	-1.272471541
340	2 6	2 7	2 11	2 12	-2.565490093
341	2 7	2 8	2 12	2 13	-2.459856742
342	2 8	2 9	2 13	2 14	-2.586537481
343	2 9	2 10	2 14	2 15	-1.628903043
344	2 10	2 11	2 15	2 16	-0.8162574544
345	2 11	2 12	2 16	2 17	-0.6912508151
346	2 12	2 13	2 17	2 18	-0.6544948838
347	2 13	2 14	2 18	2 19	-0.5857593494
348	2 14	2 15	2 19	2 20	-0.4536834309
349	2 15	2 16	2 20	2 21	-0.3954448085
350	2 16	2 17	2 21	2 22	-0.4868640027
351	2 17	2 18	2 22	2 23	-0.6323104368
352	2 18	2 19	2 23	2 24	-0.6980148875
353	2 1	2 2	2 7	2 8	-0.3696912188
354	2 2	2 3	2 8	2 9	-0.3651838834
355	2 3	2 4	2 9	2 10	-0.4813025367
356	2 4	2 5	2 10	2 11	-0.5732211788
357	2 5	2 6	2 11	2 12	-0.692043875
358	2 6	2 7	2 12	2 13	-1.455476246
359	2 7	2 8	2 13	2 14	-1.435093218
360	2 8	2 9	2 14	2 15	-1.300101283
361	2 9	2 10	2 15	2 16	-0.652765185
362	2 10	2 11	2 16	2 17	-0.3915044064
363	2 11	2 12	2 17	2 18	-0.3813798036
364	2 12	2 13	2 18	2 19	-0.3739896462
365	2 13	2 14	2 19	2 20	-0.3339051282
366	2 14	2 15	2 20	2 21	-0.2473550434
367	2 15	2 16	2 21	2 22	-0.267111388
368	2 16	2 17	2 22	2 23	-0.3735784814
369	2 17	2 18	2 23	2 24	-0.4095883079
370	2 1	2 2	2 8	2 9	-0.2686314059
371	2 2	2 3	2 9	2 10	-0.2015991308
372	2 3	2 4	2 10	2 11	-0.1916995211
373	2 4	2 5	2 11	2 12	-0.3314295674
374	2 5	2 6	2 12	2 13	-0.4229870056
375	2 6	2 7	2 13	2 14	-0.9144569758
376	2 7	2 8	2 14	2 15	-0.7678753231
377	2 8	2 9	2 15	2 16	-0.5567767451
378	2 9	2 10	2 16	2 17	-0.360768841
379	2 10	2 11	2 17	2 18	-0.244559378
380	2 11	2 12	2 18	2 19	-0.2406862679
381	2 12	2 13	2 19	2 20	-0.2365218563
382	2 13	2 14	2 20	2 21	-0.2110554736
383	2 14	2 15	2 21	2 22	-0.2050249444
384	2 15	2 16	2 22	2 23	-0.2323542923
385	2 16	2 17	2 23	2 24	-0.2640608403
386	2 1	2 2	2 9	2 10	-0.171561029
387	2 2	2 3	2 10	2 11	-0.09087782254
388	2 3	2 4	2 11	2 12	-0.1163184986
389	2 4	2 5	2 12	2 13	-0.2125429616
390	2 5	2 6	2 13	2 14	-0.28071444
391	2 6	2 7	2 14	2 15	-0.5111957327
392	2 7	2 8	2 15	2 16	-0.3493403407
393	2 8	2 9	2 16	2 17	-0.3283720503
394	2 9	2 10	2 17	2 18	-0.2457164981
395	2 10	2 11	2 18	2 19	-0.165729939
396	2 11	2 12	2 19	2 20	-0.1616743574
397	2 12	2 13	2 20	2 21	-0.1590643127
398	2 13	2 14	2 21	2 22	-0.1924490438
399	2 14	2 15	2 22	2 23	-0.1935832755
400	2 15	2 16	2 23	2 24	-0.1735103876
401	2 1	2 2	2 10	2 11	-0.08689157171
402	2 2	2 3	2 11	2 12	-0.06148703851
403	2 3	2 4	2 12	2 13	-0.07799457307
404	2 4	2 5	2 13	2 14	-0.1461434762
405	2 5	2 6	2 14	2 15	-0.1623382887
406	2 6	2 7	2 15	2 16	-0.2437244495
407	2 7	2 8	2 16	2 17	-0.2191114837
408	2 8	2 9	2 17	2 18	-0.2329387243
409	2 9	2 10	2 18	2 19	-0.1757707707
410	2 10	2 11	2 19	2 20	-0.1169098209
411	2 11	2 12	2 20	2 21	-0.1136925442
412	2 12	2 13	2 21	2 22	-0.1524173432
413	2 13	2 14	2 22	2 23	-0.1894355456
414	2 14	2 15	2 23	2 24	-0.1513501288
415	2 1	2 4	2 2	2 3	64.17999499
416	2 2	2 5	2 3	2 4	59.3477419
417	2 3	2 6	2 4	2 5	78.67782559
418	2 4	2 7	2 5	2 6	81.62448793
419	2 5	2 8	2 6	2 7	148.8896813
420	2 6	2 9	2 7	2 8	139.6360332
421	2 7	2 10	2 8	2 9	156.2157857
422	2 8	2 11	2 9	2 10	135.2939044
423	2 9	2 12	2 10	2 11	99.78984653
424	2 10	2 13	2 11	2 12	87.09116254
425	2 11	2 14	2 12	2 13	78.06057876
426	2 12	2 15	2 13	2 14	72.49287597
427	2 13	2 16	2 14	2 15	67.88917428
428	2 14	2 17	2 15	2 16	60.33759188
429	2 15	2 18	2 16	2 17	59.75979565
430	2 16	2 19	2 17	2 18	57.12952221
431	2 17	2 20	2 18	2 19	58.26189188
432	2 18	2 21	2 19	2 20	56.66874008
433	2 19	2 22	2 20	2 21	61.17111193
434	2 20	2 23	2 21	2 22	66.50601608
435	2 21	2 24	2 22	2 23	73.83420212
436	2 1	2 7	2 3	2 5	28.56703997
437	2 2	2 8	2 4	2 6	30.93943724
438	2 3	2 9	2 5	2 7	46.52897027
439	2 4	2 10	2 6	2 8	49.95740677
440	2 5	2 11	2 7	2 9	54.67107425
441	2 6	2 12	2 8	2 10	51.01397834
442	2 7	2 13	2 9	2 11	52.75691254
443	2 8	2 14	2 10	2 12	44.50332628
444	2 9	2 15	2 11	2 13	44.21207722
445	2 10	2 16	2 12	2 14	39.07828034
446	2 11	2 17	2 13	2 15	33.04902863
447	2 12	2 18	2 14	2 16	27.57195537
448	2 13	2 19	2 15	2 17	22.94022252
449	2 14	2 20	2 16	2 18	20.87783242
450	2 15	2 21	2 17	2 19	20.22455273
451	2 16	2 22	2 18	2 20	21.01700075
452	2 17	2 23	2 19	2 21	22.96117557
453	2 18	2 24	2 20	2 22	27.34372785
454	2 1	2 10	2 4	2 7	22.19243991
455	2 2	2 11	2 5	2 8	26.59788397
456	2 3	2 12	2 6	2 9	30.67118737
457	2 4	2 13	2 7	2 10	27.92275915
458	2 5	2 14	2 8	2 11	24.52064184
459	2 6	2 15	2 9	2 12	21.14109587
460	2 7	2 16	2 10	2 13	23.18238495
461	2 8	2 17	2 11	2 14	25.51978342
462	2 9	2 18	2 12	2 15	26.37732551
463	2 10	2 19	2 13	2 16	22.76718293
464	2 11	2 20	2 14	2 17	17.98726153
465	2 12	2 21	2 15	2 18	15.25125901
466	2 13	2 22	2 16	2 19	14.82932219
467	2 14	2 23	2 17	2 20	14.68692067
468	2 15	2 24	2 18	2 21	14.89228227
469	2 1	2 3	2 5	2 7	-5.827028278
470	2 2	2 4	2 6	2 8	-10.33748088
471	2 3	2 5	2 7	2 9	-15.41547342
472	2 4	2 6	2 8	2 10	-18.84789894
473	2 5	2 7	2 9	2 11	-28.70859217
474	2 6	2 8	2 10	2 12	-24.44755477
475	2 7	2 9	2 11	2 13	-24.14792748
476	2 8	2 10	2 12	2 14	-19.12685186
477	2 9	2 11	2 13	2 15	-13.91401837
478	2 10	2 12	2 14	2 16	-11.2892237
479	2 11	2 13	2 15	2 17	-8.774243554
480	2 12	2 14	2 16	2 18	-7.262360609
481	2 13	2 15	2 17	2 19	-6.36890377
482	2 14	2 16	2 18	2 20	-6.169898882
483	2 15	2 17	2 19	2 21	-6.192472041
484	2 16	2 18	2 20	2 22	-5.927632635
485	2 17	2 19	2 21	2 23	-6.281389505
486	2 18	2 20	2 22	2 24	-7.419426934
487	2 1	2 3	2 7	2 9	-1.642955611
488	2 2	2 4	2 8	2 10	-2.052163496
489	2 3	2 5	2 9	2 11	-2.779584388
490	2 4	2 6	2 10	2 12	-2.869166162
491	2 5	2 7	2 11	2 13	-5.13599722
492	2 6	2 8	2 12	2 14	-6.264883182
493	2 7	2 9	2 13	2 15	-6.089607306
494	2 8	2 10	2 14	2 16	-4.138546256
495	2 9	2 11	2 15	2 17	-2.221295887
496	2 10	2 12	2 16	2 18	-1.708694403
497	2 11	2 13	2 17	2 19	-1.650550601
498	2 12	2 14	2 18	2 20	-1.53017598
499	2 13	2 15	2 19	2 21	-1.245999076
500	2 14	2 16	2 20	2 22	-1.114936184
501	2 15	2 17	2 21	2 23	-1.359908164
502	2 16	2 18	2 22	2 24	-1.679538066
503	2 1	2 3	2 9	2 11	-0.550929554
504	2 2	2 4	2 10	2 12	-0.4603828808
505	2 3	2 5	2 11	2 13	-0.7382856008
506	2 4	2 6	2 12	2 14	-1.062387883
507	2 5	2 7	2 13	2 15	-1.868705437
508	2 6	2 8	2 14	2 16	-1.872135846
509	2 7	2 9	2 15	2 17	-1.45360062
510	2 8	2 10	2 16	2 18	-1.167796114
511	2 9	2 11	2 17	2 19	-0.8317765858
512	2 10	2 12	2 18	2 20	-0.6850003852
513	2 11	2 13	2 19	2 21	-0.6709530706
514	2 12	2 14	2 20	2 22	-0.7149861732
515	2 13	2 15	2 21	2 23	-0.7804928094
516	2 14	2 16	2 22	2 24	-0.7507980842
517	2 1	2 3	2 11	2 13	-0.2238951042
518	2 2	2 4	2 12	2 14	-0.2148708822
519	2 3	2 5	2 13	2 15	-0.3217974004
520	2 4	2 6	2 14	2 16	-0.3730993289
521	2 5	2 7	2 15	2 17	-0.5393793184
522	2 6	2 8	2 16	2 18	-0.6626440219
523	2 7	2 9	2 17	2 19	-0.6876825421
524	2 8	2 10	2 18	2 20	-0.6044617705
525	2 9	2 11	2 19	2 21	-0.4296286968
526	2 10	2 12	2 20	2 22	-0.4018211097
527	2 11	2 13	2 21	2 23	-0.5366625691
528	2 12	2 14	2 22	2 24	-0.6208014654
529	2 1	2 5	2 9	2 13	-4.292694647
530	2 2	2 6	2 10	2 14	-4.606807809
531	2 3	2 7	2 11	2 15	-8.064785658
532	2 4	2 8	2 12	2 16	-9.57250624
533	2 5	2 9	2 13	2 17	-9.951292681
534	2 6	2 10	2 14	2 18	-7.841122238
535	2 7	2 11	2 15	2 19	-5.194355635
536	2 8	2 12	2 16	2 20	-4.165952672
537	2 9	2 13	2 17	2 21	-3.582908955
538	2 10	2 14	2 18	2 22	-3.331983648
539	2 11	2 15	2 19	2 23	-3.234107525
540	2 12	2 16	2 20	2 24	-3.201521907
541	2 1	2 5	2 13	2 17	-0.6089340471
542	2 2	2 6	2 14	2 18	-0.6540759568
543	2 3	2 7	2 15	2 19	-0.9980186127
544	2 4	2 8	2 16	2 20	-1.291559613
545	2 5	2 9	2 17	2 21	-1.553319356
546	2 6	2 10	2 18	2 22	-1.679021952
547	2 7	2 11	2 19	2 23	-1.624217239
548	2 8	2 12	2 20	2 24	-1.628447287
549	3 1	3 2	3 3	3 4	-21.07967941
550	3 2	3 3	3 4	3 5	-22.14309582
551	3 3	3 4	3 5	3 6	-21.05973218
552	3 4	3 5	3 6	3 7	-35.94398826
553	3 5	3 6	3 7	3 8	-38.34207051
554	3 6	3 7	3 8	3 9	-72.42855381
555	3 7	3 8	3 9	3 10	-64.6225281
556	3 8	3 9	3 10	3 11	-43.89427979
557	3 9	3 10	3 11	3 12	-29.213894
558	3 10	3 11	3 12	3 13	-24.72402004
559	3 11	3 12	3 13	3 14	-26.27290608
560	3 12	3 13	3 14	3 15	-26.33457762
561	3 13	3 14	3 15	3 16	-22.85743301
562	3 14	3 15	3 16	3 17	-21.59268618
563	3 15	3 16	3 17	3 18	-21.49165635
564	3 16	3 17	3 18	3 19	-23.61398763
565	3 17	3 18	3 19	3 20	-22.01644314
566	3 18	3 19	3 20	3 21	-20.96627645
567	3 19	3 20	3 21	3 22	-20.18801207
568	3 20	3 21	3 22	3 23	-24.37553057
569	3 21	3 22	3 23	3 24	-26.41104252
570	3 1	3 2	3 4	3 5	-3.092415598
571	3 2	3 3	3 5	3 6	-3.103963933
572	3 3	3 4	3 6	3 7	-6.139616251
573	3 4	3 5	3 7	3 8	-8.770025575
574	3 5	3 6	3 8	3 9	-10.07123792
575	3 6	3 7	3 9	3 10	-18.46114139
576	3 7	3 8	3 10	3 11	-11.82207452
577	3 8	3 9	3 11	3 12	-11.87531478
578	3 9	3 10	3 12	3 13	-8.050041977
579	3 10	3 11	3 13	3 14	-6.397268114
580	3 11	3 12	3 14	3 15	-6.344224367
581	3 12	3 13	3 15	3 16	-4.888969527
582	3 13	3 14	3 16	3 17	-3.931194361
583	3 14	3 15	3 17	3 18	-3.489488099
584	3 15	3 16	3 18	3 19	-3.670207484
585	3 16	3 17	3 19	3 20	-3.80722404
586	3 17	3 18	3 20	3 21	-3.408290319
587	3 18	3 19	3 21	3 22	-3.321687885
588	3 19	3 20	3 22	3 23	-3.924123891
589	3 20	3 21	3 23	3 24	-5.070850658
590	3 1	3 2	3 5	3 6	-0.7381010181
591	3 2	3 3	3 6	3 7	-1.401420619
592	3 3	3 4	3 7	3 8	-2.156994908
593	3 4	3 5	3 8	3 9	-3.48437499
594	3 5	3 6	3 9	3 10	-3.758924878
595	3 6	3 7	3 10	3 11	-5.21605436
596	3 7	3 8	3 11	3 12	-4.843935796
597	3 8	3 9	3 12	3 13	-4.968820171
598	3 9	3 10	3 13	3 14	-3.52145223
599	3 10	3 11	3 14	3 15	-2.36639498
600	3 11	3 12	3 15	3 16	-1.762346894
601	3 12	3 13	3 16	3 17	-1.431676318
602	3 13	3 14	3 17	3 18	-1.244995047
603	3 14	3 15	3 18	3 19	-1.048661275
604	3 15	3 16	3 19	3 20	-0.9973466925
605	3 16	3 17	3 20	3 21	-0.9924564993
606	3 17	3 18	3 21	3 22	-1.040021815
607	3 18	3 19	3 22	3 23	-1.287369368
608	3 19	3 20	3 23	3 24	-1.509918787
609	3 1	3 2	3 6	3 7	-0.5835427084
610	3 2	3 3	3 7	3 8	-0.6394491026
611	3 3	3 4	3 8	3 9	-1.004077945
612	3 4	3 5	3 9	3 10	-1.533361151
613	3 5	3 6	3 10	3 11	-1.272471541
614	3 6	3 7	3 11	3 12	-2.565490093
615	3 7	3 8	3 12	3 13	-2.459856742
616	3 8	3 9	3 13	3 14	-2.586537481
617	3 9	3 10	3 14	3 15	-1.628903043
618	3 10	3 11	3 15	3 16	-0.8162574544
619	3 11	3 12	3 16	3 17	-0.6912508151
620	3 12	3 13	3 17	3 18	-0.6544948838
621	3 13	3 14	3 18	3 19	-0.5857593494
622	3 14	3 15	3 19	3 20	-0.4536834309
623	3 15	3 16	3 20	3 21	-0.3954448085
624	3 16	3 17	3 21	3 22	-0.4868640027
625	3 17	3 18	3 22	3 23	-0.6323104368
626	3 18	3 19	3 23	3 24	-0.6980148875
627	3 1	3 2	3 7	3 8	-0.3696912188
628	3 2	3 3	3 8	3 9	-0.3651838834
629	3 3	3 4	3 9	3 10	-0.4813025367
630	3 4	3 5	3 10	3 11	-0.5732211788
631	3 5	3 6	3 11	3 12	-0.692043875
632	3 6	3 7	3 12	3 13	-1.455476246
633	3 7	3 8	3 13	3 14	-1.435093218
634	3 8	3 9	3 14	3 15	-1.300101283
635	3 9	3 10	3 15	3 16	-0.652765185
636	3 10	3 11	3 16	3 17	-0.3915044064
637	3 11	3 12	3 17	3 18	-0.3813798036
638	3 12	3 13	3 18	3 19	-0.3739896462
639	3 13	3 14	3 19	3 20	-0.3339051282
640	3 14	3 15	3 20	3 21	-0.2473550434
641	3 15	3 16	3 21	3 22	-0.267111388
642	3 16	3 17	3 22	3 23	-0.3735784814
643	3 17	3 18	3 23	3 24	-0.4095883079
644	3 1	3 2	3 8	3 9	-0.2686314059
645	3 2	3 3	3 9	3 10	-0.2015991308
646	3 3	3 4	3 10	3 11	-0.1916995211
647	3 4	3 5	3 11	3 12	-0.3314295674
648	3 5	3 6	3 12	3 13	-0.4229870056
649	3 6	3 7	3 13	3 14	-0.9144569758
650	3 7	3 8	3 14	3 15	-0.7678753231
651	3 8	3 9	3 15	3 16	-0.5567767451
652	3 9	3 10	3 16	3 17	-0.360768841
653	3 10	3 11	3 17	3 18	-0.244559378
654	3 11	3 12	3 18	3 19	-0.2406862679
655	3 12	3 13	3 19	3 20	-0.2365218563
656	3 13	3 14	3 20	3 21	-0.2110554736
657	3 14	3 15	3 21	3 22	-0.2050249444
658	3 15	3 16	3 22	3 23	-0.2323542923
659	3 16	3 17	3 23	3 24	-0.2640608403
660	3 1	3 2	3 9	3 10	-0.171561029
661	3 2	3 3	3 10	3 11	-0.09087782254
662	3 3	3 4	3 11	3 12	-0.1163184986
663	3 4	3 5	3 12	3 13	-0.2125429616
664	3 5	3 6	3 13	3 14	-0.28071444
665	3 6	3 7	3 14	3 15	-0.5111957327
666	3 7	3 8	3 15	3 16	-0.3493403407
667	3 8	3 9	3 16	3 17	-0.3283720503
668	3 9	3 10	3 17	3 18	-0.2457164981
669	3 10	3 11	3 18	3 19	-0.165729939
670	3 11	3 12	3 19	3 20	-0.1616743574
671	3 12	3 13	3 20	3 21	-0.1590643127
672	3 13	3 14	3 21	3 22	-0.1924490438
673	3 14	3 15	3 22	3 23	-0.1935832755
674	3 15	3 16	3 23	3 24	-0.1735103876
675	3 1	3 2	3 10	3 11	-0.08689157171
676	3 2	3 3	3 11	3 12	-0.06148703851
677	3 3	3 4	3 12	3 13	-0.07799457307
678	3 4	3 5	3 13	3 14	-0.1461434762
679	3 5	3 6	3 14	3 15	-0.1623382887
680	3 6	3 7	3 15	3 16	-0.2437244495
681	3 7	3 8	3 16	3 17	-0.2191114837
682	3 8	3 9	3 17	3 18	-0.2329387243
683	3 9	3 10	3 18	3 19	-0.1757707707
684	3 10	3 11	3 19	3 20	-0.1169098209
685	3 11	3 12	3 20	3 21	-0.1136925442
686	3 12	3 13	3 21	3 22	-0.1524173432
687	3 13	3 14	3 22	3 23	-0.1894355456
688	3 14	3 15	3 23	3 24	-0.1513501288
689	3 1	3 4	3 2	3 3	64.17999499
690	3 2	3 5	3 3	3 4	59.3477419
691	3 3	3 6	3 4	3 5	78.67782559
692	3 4	3 7	3 5	3 6	81.62448793
693	3 5	3 8	3 6	3 7	148.8896813
694	3 6	3 9	3 7	3 8	139.6360332
695	3 7	3 10	3 8	3 9	156.2157857
696	3 8	3 11	3 9	3 10	135.2939044
697	3 9	3 12	3 10	3 11	99.78984653
698	3 10	3 13	3 11	3 12	87.09116254
699	3 11	3 14	3 12	3 13	78.06057876
700	3 12	3 15	3 13	3 14	72.49287597
701	3 13	3 16	3 14	3 15	67.88917428
702	3 14	3 17	3 15	3 16	60.33759188
703	3 15	3 18	3 16	3 17	59.75979565
704	3 16	3 19	3 17	3 18	57.12952221
705	3 17	3 20	3 18	3 19	58.26189188
706	3 18	3 21	3 19	3 20	56.66874008
707	3 19	3 22	3 20	3 21	61.17111193
708	3 20	3 23	3 21	3 22	66.50601608
709	3 21	3 24	3 22	3 23	73.83420212
710	3 1	3 7	3 3	3 5	28.56703997
711	3 2	3 8	3 4	3 6	30.93943724
712	3 3	3 9	3 5	3 7	46.52897027
713	3 4	3 10	3 6	3 8	49.95740677
714	3 5	3 11	3 7	3 9	54.67107425
715	3 6	3 12	3 8	3 10	51.01397834
716	3 7	3 13	3 9	3 11	52.75691254
717	3 8	3 14	3 10	3 12	44.50332628
718	3 9	3 15	3 11	3 13	44.21207722
719	3 10	3 16	3 12	3 14	39.07828034
720	3 11	3 17	3 13	3 15	33.04902863
721	3 12	3 18	3 14	3 16	27.57195537
722	3 13	3 19	3 15	3 17	22.94022252
723	3 14	3 20	3 16	3 18	20.87783242
724	3 15	3 21	3 17	3 19	20.22455273
725	3 16	3 22	3 18	3 20	21.01700075
726	3 17	3 23	3 19	3 21	22.96117557
727	3 18	3 24	3 20	3 22	27.34372785
728	3 1	3 10	3 4	3 7	22.19243991
729	3 2	3 11	3 5	3 8	26.59788397
730	3 3	3 12	3 6	3 9	30.67118737
731	3 4	3 13	3 7	3 10	27.92275915
732	3 5	3 14	3 8	3 11	24.52064184
733	3 6	3 15	3 9	3 12	21.14109587
734	3 7	3 16	3 10	3 13	23.18238495
735	3 8	3 17	3 11	3 14	25.51978342
736	3 9	3 18	3 12	3 15	26.37732551
737	3 10	3 19	3 13	3 16	22.76718293
738	3 11	3 20	3 14	3 17	17.98726153
739	3 12	3 21	3 15	3 18	15.25125901
740	3 13	3 22	3 16	3 19	14.82932219
741	3 14	3 23	3 17	3 20	14.68692067
742	3 15	3 24	3 18	3 21	14.89228227
743	3 1	3 3	3 5	3 7	-5.827028278
744	3 2	3 4	3 6	3 8	-10.33748088
745	3 3	3 5	3 7	3 9	-15.41547342
746	3 4	3 6	3 8	3 10	-18.84789894
747	3 5	3 7	3 9	3 11	-28.70859217
748	3 6	3 8	3 10	3 12	-24.44755477
749	3 7	3 9	3 11	3 13	-24.14792748
750	3 8	3 10	3 12	3 14	-19.12685186
751	3 9	3 11	3 13	3 15	-13.91401837
752	3 10	3 12	3 14	3 16	-11.2892237
753	3 11	3 13	3 15	3 17	-8.774243554
754	3 12	3 14	3 16	3 18	-7.262360609
755	3 13	3 15	3 17	3 19	-6.36890377
756	3 14	3 16	3 18	3 20	-6.169898882
757	3 15	3 17	3 19	3 21	-6.192472041
758	3 16	3 18	3 20	3 22	-5.927632635
759	3 17	3 19	3 21	3 23	-6.281389505
760	3 18	3 20	3 22	3 24	-7.419426934
761	3 1	3 3	3 7	3 9	-1.642955611
762	3 2	3 4	3 8	3 10	-2.052163496
763	3 3	3 5	3 9	3 11	-2.779584388
764	3 4	3 6	3 10	3 12	-2.869166162
765	3 5	3 7	3 11	3 13	-5.13599722
766	3 6	3 8	3 12	3 14	-6.264883182
767	3 7	3 9	3 13	3 15	-6.089607306
768	3 8	3 10	3 14	3 16	-4.138546256
769	3 9	3 11	3 15	3 17	-2.221295887
770	3 10	3 12	3 16	3 18	-1.708694403
771	3 11	3 13	3 17	3 19	-1.650550601
772	3 12	3 14	3 18	3 20	-1.53017598
773	3 13	3 15	3 19	3 21	-1.245999076
774	3 14	3 16	3 20	3 22	-1.114936184
775	3 15	3 17	3 21	3 23	-1.359908164
776	3 16	3 18	3 22	3 24	-1.679538066
777	3 1	3 3	3 9	3 11	-0.550929554
778	3 2	3 4	3 10	3 12	-0.4603828808
779	3 3	3 5	3 11	3 13	-0.7382856008
780	3 4	3 6	3 12	3 14	-1.062387883
781	3 5	3 7	3 13	3 15	-1.868705437
782	3 6	3 8	3 14	3 16	-1.872135846
783	3 7	3 9	3 15	3 17	-1.45360062
784	3 8	3 10	3 16	3 18	-1.167796114
785	3 9	3 11	3 17	3 19	-0.8317765858
786	3 10	3 12	3 18	3 20	-0.6850003852
787	3 11	3 13	3 19	3 21	-0.6709530706
788	3 12	3 14	3 20	3 22	-0.7149861732
789	3 13	3 15	3 21	3 23	-0.7804928094
790	3 14	3 16	3 22	3 24	-0.7507980842
791	3 1	3 3	3 11	3 13	-0.2238951042
792	3 2	3 4	3 12	3 14	-0.2148708822
793	3 3	3 5	3 13	3 15	-0.3217974004
794	3 4	3 6	3 14	3 16	-0.3730993289
795	3 5	3 7	3 15	3 17	-0.5393793184
796	3 6	3 8	3 16	3 18	-0.6626440219
797	3 7	3 9	3 17	3 19	-0.6876825421
798	3 8	3 10	3 18	3 20	-0.6044617705
799	3 9	3 11	3 19	3 21	-0.4296286968
800	3 10	3 12	3 20	3 22	-0.4018211097
801	3 11	3 13	3 21	3 23	-0.5366625691
802	3 12	3 14	3 22	3 24	-0.6208014654
803	3 1	3 5	3 9	3 13	-4.292694647
804	3 2	3 6	3 10	3 14	-4.606807809
805	3 3	3 7	3 11	3 15	-8.064785658
806	3 4	3 8	3 12	3 16	-9.57250624
807	3 5	3 9	3 13	3 17	-9.951292681
808	3 6	3 10	3 14	3 18	-7.841122238
809	3 7	3 11	3 15	3 19	-5.194355635
810	3 8	3 12	3 16	3 20	-4.165952672
811	3 9	3 13	3 17	3 21	-3.582908955
812	3 10	3 14	3 18	3 22	-3.331983648
813	3 11	3 15	3 19	3 23	-3.234107525
814	3 12	3 16	3 20	3 24	-3.201521907
815	3 1	3 5	3 13	3 17	-0.6089340471
816	3 2	3 6	3 14	3 18	-0.6540759568
817	3 3	3 7	3 15	3 19	-0.9980186127
818	3 4	3 8	3 16	3 20	-1.291559613
819	3 5	3 9	3 17	3 21	-1.553319356
820	3 6	3 10	3 18	3 22	-1.679021952
821	3 7	3 11	3 19	3 23	-1.624217239
822	3 8	3 12	3 20	3 24	-1.628447287
