644   (removed low and high geometric factor measurements, added 2% noise to R                                                   
1	3	19	3	17	1	17	1	19	-0.235144958
2	3	22	3	20	1	20	1	22	-0.239719818
3	3	18	3	16	1	16	1	18	-0.242195236
4	3	12	3	10	1	10	1	12	-0.2351688
5	3	23	3	21	1	21	1	23	-0.231460798
6	3	5	3	3	1	3	1	5	-0.241518532
7	3	14	3	12	1	12	1	14	-0.221829263
8	3	21	3	19	1	19	1	21	-0.227800474
9	3	3	3	1	1	1	1	3	-0.233590749
10	3	6	3	4	1	4	1	6	-0.236973379
11	3	10	3	8	1	8	1	10	-0.260815112
12	3	9	3	7	1	7	1	9	-0.222404713
13	3	4	3	2	1	2	1	4	-0.227572714
14	3	25	3	23	1	23	1	25	-0.236796328
15	3	20	3	18	1	18	1	20	-0.230766102
16	3	15	3	13	1	13	1	15	-0.229378898
17	3	8	3	6	1	6	1	8	-0.220227211
18	3	7	3	5	1	5	1	7	-0.231671625
19	3	17	3	15	1	15	1	17	-0.237260725
20	3	13	3	11	1	11	1	13	-0.214627046
21	3	16	3	14	1	14	1	16	-0.235168037
22	3	11	3	9	1	9	1	11	-0.28759381
23	3	24	3	22	1	22	1	24	-0.238194711
24	2	23	2	21	1	21	1	23	-1.423591791
25	3	13	3	11	2	11	2	13	-1.433712064
26	2	3	2	1	1	1	1	3	-1.378648537
27	2	20	2	18	1	18	1	20	-1.440013437
28	3	3	3	1	2	1	2	3	-1.447796303
29	3	4	3	2	2	2	2	4	-1.387755916
30	2	12	2	10	1	10	1	12	-1.663468013
31	2	16	2	14	1	14	1	16	-1.437030757
32	3	10	3	8	2	8	2	10	-1.691725655
33	2	9	2	7	1	7	1	9	-1.528174761
34	3	21	3	19	2	19	2	21	-1.443303735
35	3	24	3	22	2	22	2	24	-1.453488579
36	3	14	3	12	2	12	2	14	-1.528893047
37	3	12	3	10	2	10	2	12	-1.673447559
38	2	24	2	22	1	22	1	24	-1.470715093
39	2	22	2	20	1	20	1	22	-1.443278472
40	3	5	3	3	2	3	2	5	-1.446239341
41	2	6	2	4	1	4	1	6	-1.408925917
42	3	9	3	7	2	7	2	9	-1.600322723
43	3	7	3	5	2	5	2	7	-1.515653082
44	2	25	2	23	1	23	1	25	-1.518037996
45	3	11	3	9	2	9	2	11	-1.793163491
46	2	14	2	12	1	12	1	14	-1.456048554
47	3	8	3	6	2	6	2	8	-1.501703004
48	2	8	2	6	1	6	1	8	-1.470600425
49	2	7	2	5	1	5	1	7	-1.456402605
50	3	16	3	14	2	14	2	16	-1.460936568
51	3	18	3	16	2	16	2	18	-1.436778485
52	2	13	2	11	1	11	1	13	-1.519444635
53	2	17	2	15	1	15	1	17	-1.409152104
54	3	23	3	21	2	21	2	23	-1.434934172
55	3	25	3	23	2	23	2	25	-1.529523878
56	2	4	2	2	1	2	1	4	-1.411185885
57	2	10	2	8	1	8	1	10	-1.707751886
58	2	18	2	16	1	16	1	18	-1.454139314
59	2	11	2	9	1	9	1	11	-1.845256409
60	2	15	2	13	1	13	1	15	-1.43737133
61	3	6	3	4	2	4	2	6	-1.465310716
62	2	5	2	3	1	3	1	5	-1.459374039
63	3	22	3	20	2	20	2	22	-1.483805781
64	3	19	3	17	2	17	2	19	-1.454257792
65	2	21	2	19	1	19	1	21	-1.471196956
66	2	19	2	17	1	17	1	19	-1.500800184
67	3	17	3	15	2	15	2	17	-1.456285099
68	3	15	3	13	2	13	2	15	-1.436083681
69	3	20	3	18	2	18	2	20	-1.485636203
70	1	20	1	18	1	14	1	16	1.286752486
71	3	19	3	17	3	13	3	15	1.304420696
72	3	16	3	14	3	10	3	12	1.319728096
73	2	14	2	12	2	8	2	10	1.752679873
74	1	22	1	20	1	16	1	18	1.292272824
75	1	24	1	22	1	18	1	20	1.271063332
76	1	7	1	5	1	1	1	3	1.298592098
77	2	10	2	8	2	4	2	6	1.435713716
78	3	15	3	13	3	9	3	11	1.468124816
79	2	9	2	7	2	3	2	5	1.277884832
80	1	23	1	21	1	17	1	19	1.331173107
81	1	9	1	7	1	3	1	5	1.347405916
82	1	19	1	17	1	13	1	15	1.274572296
83	2	16	2	14	2	10	2	12	1.330638334
84	3	12	3	10	3	6	3	8	1.48614803
85	1	15	1	13	1	9	1	11	1.348233332
86	2	12	2	10	2	6	2	8	1.810357147
87	1	12	1	10	1	6	1	8	1.457731269
88	2	13	2	11	2	7	2	9	1.838220276
89	2	11	2	9	2	5	2	7	1.725449261
90	1	16	1	14	1	10	1	12	1.354088277
91	2	17	2	15	2	11	2	13	1.24411173
92	3	7	3	5	3	1	3	3	1.296198311
93	1	13	1	11	1	7	1	9	1.399789555
94	3	18	3	16	3	12	3	14	1.302698169
95	1	21	1	19	1	15	1	17	1.286724647
96	2	21	2	19	2	15	2	17	1.316652961
97	2	8	2	6	2	2	2	4	1.311744554
98	2	15	2	13	2	9	2	11	1.485178746
99	1	17	1	15	1	11	1	13	1.305206774
100	3	14	3	12	3	8	3	10	1.402890288
101	3	13	3	11	3	7	3	9	1.416839126
102	3	22	3	20	3	16	3	18	1.394164306
103	3	25	3	23	3	19	3	21	1.285008865
104	2	18	2	16	2	12	2	14	1.270697518
105	1	18	1	16	1	12	1	14	1.379025095
106	3	20	3	18	3	14	3	16	1.369644176
107	3	23	3	21	3	17	3	19	1.384600825
108	3	8	3	6	3	2	3	4	1.216406547
109	3	9	3	7	3	3	3	5	1.275256318
110	1	10	1	8	1	4	1	6	1.349005205
111	3	24	3	22	3	18	3	20	1.343340647
112	2	19	2	17	2	13	2	15	1.320591727
113	1	8	1	6	1	2	1	4	1.289524788
114	1	14	1	12	1	8	1	10	1.416058252
115	1	11	1	9	1	5	1	7	1.427145754
116	2	24	2	22	2	18	2	20	1.252342872
117	3	10	3	8	3	4	3	6	1.388690089
118	2	22	2	20	2	16	2	18	1.272191021
119	3	11	3	9	3	5	3	7	1.439275216
120	2	23	2	21	2	17	2	19	1.302466417
121	1	25	1	23	1	19	1	21	1.363251854
122	3	17	3	15	3	11	3	13	1.290121835
123	3	21	3	19	3	15	3	17	1.376196785
124	2	20	2	18	2	14	2	16	1.30038825
125	2	25	2	23	2	19	2	21	1.307267599
126	2	7	2	5	2	1	2	3	1.358320354
127	2	25	2	23	2	18	2	20	0.582883535
128	3	10	3	8	3	3	3	5	0.596289701
129	1	15	1	13	1	8	1	10	0.647250592
130	1	23	1	21	1	16	1	18	0.586318634
131	3	24	3	22	3	17	3	19	0.619038708
132	1	21	1	19	1	14	1	16	0.601943886
133	3	14	3	12	3	7	3	9	0.661751879
134	2	18	2	16	2	11	2	13	0.587658138
135	3	18	3	16	3	11	3	13	0.604812333
136	3	9	3	7	3	2	3	4	0.601656632
137	1	19	1	17	1	12	1	14	0.588058015
138	2	9	2	7	2	2	2	4	0.59679139
139	1	14	1	12	1	7	1	9	0.665082088
140	1	17	1	15	1	10	1	12	0.604166389
141	2	15	2	13	2	8	2	10	0.792352677
142	3	17	3	15	3	10	3	12	0.603792848
143	2	20	2	18	2	13	2	15	0.606806548
144	3	23	3	21	3	16	3	18	0.596562352
145	2	17	2	15	2	10	2	12	0.601961758
146	1	10	1	8	1	3	1	5	0.623082006
147	1	24	1	22	1	17	1	19	0.611189435
148	1	22	1	20	1	15	1	17	0.58091392
149	1	18	1	16	1	11	1	13	0.630978896
150	2	24	2	22	2	17	2	19	0.595683576
151	3	15	3	13	3	8	3	10	0.668636635
152	2	11	2	9	2	4	2	6	0.760164084
153	1	12	1	10	1	5	1	7	0.655678458
154	2	19	2	17	2	12	2	14	0.605909963
155	1	11	1	9	1	4	1	6	0.611773255
156	2	12	2	10	2	5	2	7	0.792242023
157	1	25	1	23	1	18	1	20	0.610852724
158	1	16	1	14	1	9	1	11	0.609977884
159	2	21	2	19	2	14	2	16	0.591901428
160	3	12	3	10	3	5	3	7	0.653504367
161	2	16	2	14	2	9	2	11	0.72869235
162	2	8	2	6	2	1	2	3	0.594205593
163	3	22	3	20	3	15	3	17	0.629381079
164	3	21	3	19	3	14	3	16	0.607434954
165	2	23	2	21	2	16	2	18	0.592922389
166	3	20	3	18	3	13	3	15	0.592477694
167	2	10	2	8	2	3	2	5	0.641443136
168	1	9	1	7	1	2	1	4	0.591538397
169	2	14	2	12	2	7	2	9	0.744328301
170	2	13	2	11	2	6	2	8	0.63522313
171	1	13	1	11	1	6	1	8	0.667779591
172	3	11	3	9	3	4	3	6	0.646039427
173	3	13	3	11	3	6	3	8	0.674460973
174	3	8	3	6	3	1	3	3	0.587526115
175	1	20	1	18	1	13	1	15	0.580273027
176	3	19	3	17	3	12	3	14	0.617284794
177	3	25	3	23	3	18	3	20	0.593126562
178	3	16	3	14	3	9	3	11	0.615782022
179	1	8	1	6	1	1	1	3	0.604233465
180	2	22	2	20	2	15	2	17	0.580119177
181	3	21	3	19	2	15	2	17	0.31819315
182	3	9	3	7	2	3	2	5	0.326219173
183	2	20	2	18	1	14	1	16	0.326260636
184	2	19	2	17	1	13	1	15	0.313673325
185	2	25	2	23	1	19	1	21	0.335165326
186	3	18	3	16	2	12	2	14	0.327660538
187	2	21	2	19	1	15	1	17	0.34484596
188	2	11	2	9	1	5	1	7	0.425638441
189	2	7	2	5	1	1	1	3	0.306967316
190	3	23	3	21	2	17	2	19	0.340124587
191	3	7	3	5	2	1	2	3	0.342271577
192	2	10	2	8	1	4	1	6	0.376239829
193	2	12	2	10	1	6	1	8	0.4248901
194	3	17	3	15	2	11	2	13	0.30900149
195	2	18	2	16	1	12	1	14	0.32221583
196	3	14	3	12	2	8	2	10	0.4411853
197	3	15	3	13	2	9	2	11	0.390273369
198	2	15	2	13	1	9	1	11	0.377095398
199	3	13	3	11	2	7	2	9	0.404474067
200	3	16	3	14	2	10	2	12	0.32461423
201	2	9	2	7	1	3	1	5	0.324612976
202	2	24	2	22	1	18	1	20	0.332760905
203	2	14	2	12	1	8	1	10	0.388731779
204	3	22	3	20	2	16	2	18	0.347242842
205	3	11	3	9	2	5	2	7	0.392767263
206	2	23	2	21	1	17	1	19	0.345478644
207	3	25	3	23	2	19	2	21	0.334785079
208	3	24	3	22	2	18	2	20	0.327108326
209	2	16	2	14	1	10	1	12	0.348508626
210	3	19	3	17	2	13	2	15	0.335690839
211	3	10	3	8	2	4	2	6	0.359425229
212	3	12	3	10	2	6	2	8	0.392794174
213	3	8	3	6	2	2	2	4	0.320765241
214	2	13	2	11	1	7	1	9	0.399448135
215	3	20	3	18	2	14	2	16	0.329786558
216	2	8	2	6	1	2	1	4	0.302222929
217	2	17	2	15	1	11	1	13	0.335774228
218	2	22	2	20	1	16	1	18	0.339509484
219	3	22	3	20	3	14	3	16	0.341800577
220	1	18	1	16	1	10	1	12	0.333079462
221	3	24	3	22	3	16	3	18	0.335957107
222	3	25	3	23	3	17	3	19	0.331740463
223	3	10	3	8	3	2	3	4	0.339621075
224	1	15	1	13	1	7	1	9	0.352969665
225	1	22	1	20	1	14	1	16	0.324360899
226	1	14	1	12	1	6	1	8	0.370482431
227	1	11	1	9	1	3	1	5	0.343432697
228	2	25	2	23	2	17	2	19	0.326377194
229	2	19	2	17	2	11	2	13	0.323837608
230	1	13	1	11	1	5	1	7	0.347760502
231	2	9	2	7	2	1	2	3	0.315625865
232	2	22	2	20	2	14	2	16	0.318611868
233	1	16	1	14	1	8	1	10	0.357435133
234	2	12	2	10	2	4	2	6	0.417020397
235	1	12	1	10	1	4	1	6	0.34680373
236	3	16	3	14	3	8	3	10	0.349662934
237	1	17	1	15	1	9	1	11	0.333824572
238	3	20	3	18	3	12	3	14	0.328015384
239	3	11	3	9	3	3	3	5	0.34270914
240	2	20	2	18	2	12	2	14	0.322275199
241	2	21	2	19	2	13	2	15	0.32519268
242	2	14	2	12	2	6	2	8	0.31583393
243	2	24	2	22	2	16	2	18	0.332007741
244	1	24	1	22	1	16	1	18	0.321876385
245	3	12	3	10	3	4	3	6	0.355937797
246	1	9	1	7	1	1	1	3	0.332157629
247	3	19	3	17	3	11	3	13	0.337871504
248	3	17	3	15	3	9	3	11	0.337553748
249	1	20	1	18	1	12	1	14	0.326698349
250	1	25	1	23	1	17	1	19	0.329035837
251	3	15	3	13	3	7	3	9	0.355806757
252	3	14	3	12	3	6	3	8	0.364421994
253	3	13	3	11	3	5	3	7	0.365343898
254	2	15	2	13	2	7	2	9	0.379436199
255	3	18	3	16	3	10	3	12	0.324529284
256	3	9	3	7	3	1	3	3	0.319656076
257	1	23	1	21	1	15	1	17	0.322137853
258	3	23	3	21	3	15	3	17	0.326397758
259	2	16	2	14	2	8	2	10	0.428278763
260	2	11	2	9	2	3	2	5	0.431710182
261	1	10	1	8	1	2	1	4	0.336944422
262	3	21	3	19	3	13	3	15	0.335980001
263	2	17	2	15	2	9	2	11	0.40091002
264	2	10	2	8	2	2	2	4	0.357283162
265	2	13	2	11	2	5	2	7	0.324098475
266	1	21	1	19	1	13	1	15	0.330243373
267	2	23	2	21	2	15	2	17	0.33643822
268	2	18	2	16	2	10	2	12	0.330209581
269	1	19	1	17	1	11	1	13	0.320811257
270	2	8	2	6	1	1	1	3	0.241655424
271	2	18	2	16	1	11	1	13	0.252404062
272	3	13	3	11	2	6	2	8	0.277647614
273	3	10	3	8	2	3	2	5	0.265686835
274	2	21	2	19	1	14	1	16	0.259310381
275	2	23	2	21	1	16	1	18	0.26579575
276	3	9	3	7	2	2	2	4	0.255743797
277	3	16	3	14	2	9	2	11	0.31455071
278	3	18	3	16	2	11	2	13	0.239431159
279	3	8	3	6	2	1	2	3	0.258888702
280	2	10	2	8	1	3	1	5	0.277382701
281	3	19	3	17	2	12	2	14	0.25647454
282	2	17	2	15	1	10	1	12	0.271308867
283	3	17	3	15	2	10	2	12	0.255660891
284	2	9	2	7	1	2	1	4	0.250675014
285	2	19	2	17	1	12	1	14	0.253393586
286	2	25	2	23	1	18	1	20	0.251774552
287	3	23	3	21	2	16	2	18	0.265598006
288	3	21	3	19	2	14	2	16	0.256134569
289	3	15	3	13	2	8	2	10	0.344266669
290	2	14	2	12	1	7	1	9	0.277063156
291	2	16	2	14	1	9	1	11	0.285846867
292	3	25	3	23	2	18	2	20	0.261805096
293	3	11	3	9	2	4	2	6	0.301446679
294	2	22	2	20	1	15	1	17	0.256272522
295	3	12	3	10	2	5	2	7	0.290334434
296	2	12	2	10	1	5	1	7	0.329798252
297	3	22	3	20	2	15	2	17	0.261411904
298	2	20	2	18	1	13	1	15	0.259309372
299	2	11	2	9	1	4	1	6	0.340108309
300	2	24	2	22	1	17	1	19	0.259525686
301	3	20	3	18	2	13	2	15	0.251612812
302	3	14	3	12	2	7	2	9	0.307651584
303	2	13	2	11	1	6	1	8	0.274662966
304	2	15	2	13	1	8	1	10	0.285943092
305	3	24	3	22	2	17	2	19	0.256704395
306	2	13	2	11	2	4	2	6	0.194840148
307	1	18	1	16	1	9	1	11	0.209616141
308	3	16	3	14	3	7	3	9	0.213876824
309	3	15	3	13	3	6	3	8	0.217818721
310	3	24	3	22	3	15	3	17	0.203618517
311	3	12	3	10	3	3	3	5	0.215474264
312	1	14	1	12	1	5	1	7	0.220223159
313	2	18	2	16	2	9	2	11	0.244446787
314	3	10	3	8	3	1	3	3	0.202621524
315	1	21	1	19	1	12	1	14	0.198266324
316	2	15	2	13	2	6	2	8	0.184157519
317	3	17	3	15	3	8	3	10	0.210513154
318	1	10	1	8	1	1	1	3	0.206086689
319	2	24	2	22	2	15	2	17	0.198197091
320	2	21	2	19	2	12	2	14	0.196389735
321	3	19	3	17	3	10	3	12	0.205919445
322	2	25	2	23	2	16	2	18	0.200417243
323	1	25	1	23	1	16	1	18	0.196738713
324	3	20	3	18	3	11	3	13	0.20725684
325	1	13	1	11	1	4	1	6	0.217364188
326	3	14	3	12	3	5	3	7	0.216225485
327	2	16	2	14	2	7	2	9	0.225578282
328	2	22	2	20	2	13	2	15	0.200092525
329	1	12	1	10	1	3	1	5	0.220311074
330	1	19	1	17	1	10	1	12	0.199033296
331	2	19	2	17	2	10	2	12	0.205796861
332	3	22	3	20	3	13	3	15	0.205480341
333	1	23	1	21	1	14	1	16	0.198414341
334	2	11	2	9	2	2	2	4	0.252957472
335	3	11	3	9	3	2	3	4	0.209476531
336	2	12	2	10	2	3	2	5	0.243922868
337	1	16	1	14	1	7	1	9	0.214620184
338	3	18	3	16	3	9	3	11	0.209439719
339	1	24	1	22	1	15	1	17	0.201178617
340	2	10	2	8	2	1	2	3	0.224346013
341	1	17	1	15	1	8	1	10	0.215061942
342	2	23	2	21	2	14	2	16	0.20225882
343	2	17	2	15	2	8	2	10	0.25868418
344	1	15	1	13	1	6	1	8	0.219522025
345	3	13	3	11	3	4	3	6	0.214460667
346	1	20	1	18	1	11	1	13	0.203713298
347	2	14	2	12	2	5	2	7	0.180679288
348	2	20	2	18	2	11	2	13	0.195896314
349	1	22	1	20	1	13	1	15	0.196977476
350	3	25	3	23	3	16	3	18	0.197521028
351	1	11	1	9	1	2	1	4	0.209019384
352	3	23	3	21	3	14	3	16	0.197660198
353	3	21	3	19	3	12	3	14	0.205218956
354	2	25	2	23	1	17	1	19	0.189920144
355	2	19	2	17	1	11	1	13	0.1896188
356	2	17	2	15	1	9	1	11	0.197663147
357	3	25	3	23	2	17	2	19	0.185950939
358	3	17	3	15	2	9	2	11	0.232550812
359	3	23	3	21	2	15	2	17	0.183338868
360	3	12	3	10	2	4	2	6	0.205646531
361	3	15	3	13	2	7	2	9	0.208119988
362	3	22	3	20	2	14	2	16	0.191732023
363	2	15	2	13	1	7	1	9	0.200353684
364	2	24	2	22	1	16	1	18	0.18414153
365	2	11	2	9	1	3	1	5	0.237109718
366	2	22	2	20	1	14	1	16	0.187931719
367	2	13	2	11	1	5	1	7	0.187302576
368	2	21	2	19	1	13	1	15	0.186000223
369	2	18	2	16	1	10	1	12	0.194913586
370	3	18	3	16	2	10	2	12	0.187477297
371	3	20	3	18	2	12	2	14	0.181283462
372	3	13	3	11	2	5	2	7	0.196502066
373	2	16	2	14	1	8	1	10	0.212557894
374	3	14	3	12	2	6	2	8	0.184775088
375	2	20	2	18	1	12	1	14	0.186741413
376	2	23	2	21	1	15	1	17	0.191753879
377	3	10	3	8	2	2	2	4	0.192221891
378	2	12	2	10	1	4	1	6	0.23134721
379	3	11	3	9	2	3	2	5	0.207977048
380	2	14	2	12	1	6	1	8	0.184687741
381	2	10	2	8	1	2	1	4	0.202337804
382	3	24	3	22	2	16	2	18	0.184780026
383	3	16	3	14	2	8	2	10	0.237222337
384	2	9	2	7	1	1	1	3	0.178563905
385	3	21	3	19	2	13	2	15	0.180133373
386	3	19	3	17	2	11	2	13	0.177827521
387	3	9	3	7	2	1	2	3	0.188160972
388	2	13	2	11	1	4	1	6	0.133261723
389	3	20	3	18	2	11	2	13	0.127154896
390	3	11	3	9	2	2	2	4	0.148411955
391	2	19	2	17	1	10	1	12	0.137498984
392	2	24	2	22	1	15	1	17	0.132107553
393	2	18	2	16	1	9	1	11	0.14456405
394	3	18	3	16	2	9	2	11	0.162195831
395	3	22	3	20	2	13	2	15	0.133154156
396	2	16	2	14	1	7	1	9	0.144702925
397	3	19	3	17	2	10	2	12	0.138639159
398	2	23	2	21	1	14	1	16	0.133647149
399	2	20	2	18	1	11	1	13	0.133490165
400	2	14	2	12	1	5	1	7	0.129560234
401	2	10	2	8	1	1	1	3	0.144771574
402	3	17	3	15	2	8	2	10	0.166148443
403	2	12	2	10	1	3	1	5	0.157758189
404	3	23	3	21	2	14	2	16	0.129733694
405	3	12	3	10	2	3	2	5	0.142938884
406	3	16	3	14	2	7	2	9	0.147903792
407	3	10	3	8	2	1	2	3	0.140297296
408	2	11	2	9	1	2	1	4	0.171647322
409	3	15	3	13	2	6	2	8	0.131622449
410	3	13	3	11	2	4	2	6	0.139003998
411	3	21	3	19	2	12	2	14	0.128171605
412	3	25	3	23	2	16	2	18	0.135993279
413	2	22	2	20	1	13	1	15	0.128968956
414	3	14	3	12	2	5	2	7	0.130605672
415	3	24	3	22	2	15	2	17	0.131405327
416	2	25	2	23	1	16	1	18	0.129299464
417	2	17	2	15	1	8	1	10	0.145524302
418	2	15	2	13	1	6	1	8	0.135618189
419	2	21	2	19	1	12	1	14	0.135432254
420	1	19	1	17	1	9	1	11	0.136775519
421	3	15	3	13	3	5	3	7	0.14164856
422	2	16	2	14	2	6	2	8	0.122251875
423	2	19	2	17	2	9	2	11	0.161226955
424	2	21	2	19	2	11	2	13	0.12445349
425	2	20	2	18	2	10	2	12	0.133935644
426	2	23	2	21	2	13	2	15	0.132041004
427	3	24	3	22	3	14	3	16	0.128666169
428	1	21	1	19	1	11	1	13	0.134383713
429	3	20	3	18	3	10	3	12	0.134942473
430	2	18	2	16	2	8	2	10	0.162639752
431	2	11	2	9	2	1	2	3	0.168707737
432	2	22	2	20	2	12	2	14	0.126400172
433	1	23	1	21	1	13	1	15	0.133980156
434	2	25	2	23	2	15	2	17	0.128441301
435	3	19	3	17	3	9	3	11	0.139149979
436	2	13	2	11	2	3	2	5	0.126465773
437	2	24	2	22	2	14	2	16	0.128545007
438	2	17	2	15	2	7	2	9	0.145335015
439	1	20	1	18	1	10	1	12	0.134250711
440	1	22	1	20	1	12	1	14	0.133140815
441	3	11	3	9	3	1	3	3	0.138929594
442	2	12	2	10	2	2	2	4	0.154450388
443	1	16	1	14	1	6	1	8	0.142127743
444	3	12	3	10	3	2	3	4	0.145116006
445	3	21	3	19	3	11	3	13	0.131806082
446	1	24	1	22	1	14	1	16	0.131667636
447	3	25	3	23	3	15	3	17	0.130361645
448	1	13	1	11	1	3	1	5	0.138289306
449	3	16	3	14	3	6	3	8	0.141523993
450	3	13	3	11	3	3	3	5	0.142300817
451	1	15	1	13	1	5	1	7	0.142479724
452	2	14	2	12	2	4	2	6	0.116396781
453	3	14	3	12	3	4	3	6	0.138849541
454	1	12	1	10	1	2	1	4	0.142389843
455	3	17	3	15	3	7	3	9	0.140945774
456	1	17	1	15	1	7	1	9	0.141515071
457	3	22	3	20	3	12	3	14	0.135444699
458	1	18	1	16	1	8	1	10	0.143040791
459	1	11	1	9	1	1	1	3	0.142392568
460	3	18	3	16	3	8	3	10	0.137884745
461	2	15	2	13	2	5	2	7	0.119411433
462	3	23	3	21	3	13	3	15	0.129633207
463	1	25	1	23	1	15	1	17	0.1332326
464	1	14	1	12	1	4	1	6	0.139778829
465	3	16	3	14	2	6	2	8	0.09282191
466	2	21	2	19	1	11	1	13	0.095943956
467	2	13	2	11	1	3	1	5	0.093033675
468	2	17	2	15	1	7	1	9	0.103989151
469	2	18	2	16	1	8	1	10	0.107768595
470	2	23	2	21	1	13	1	15	0.094572964
471	3	13	3	11	2	3	2	5	0.100252273
472	2	14	2	12	1	4	1	6	0.090396659
473	2	25	2	23	1	15	1	17	0.095413197
474	3	19	3	17	2	9	2	11	0.119836444
475	3	17	3	15	2	7	2	9	0.104748782
476	2	12	2	10	1	2	1	4	0.114119006
477	3	23	3	21	2	13	2	15	0.094639624
478	2	11	2	9	1	1	1	3	0.120218457
479	3	18	3	16	2	8	2	10	0.120384588
480	2	20	2	18	1	10	1	12	0.099577853
481	3	24	3	22	2	14	2	16	0.094967219
482	3	14	3	12	2	4	2	6	0.096214393
483	3	15	3	13	2	5	2	7	0.093649092
484	2	24	2	22	1	14	1	16	0.094864078
485	2	22	2	20	1	12	1	14	0.096050992
486	3	20	3	18	2	10	2	12	0.100923085
487	3	12	3	10	2	2	2	4	0.102385701
488	3	22	3	20	2	12	2	14	0.097208603
489	3	11	3	9	2	1	2	3	0.108964102
490	2	19	2	17	1	9	1	11	0.105697563
491	2	15	2	13	1	5	1	7	0.091689692
492	2	16	2	14	1	6	1	8	0.097821571
493	3	21	3	19	2	11	2	13	0.090572138
494	3	25	3	23	2	15	2	17	0.097722585
495	2	15	2	13	2	4	2	6	0.080438896
496	3	15	3	13	3	4	3	6	0.093480132
497	3	18	3	16	3	7	3	9	0.09506845
498	2	13	2	11	2	2	2	4	0.085427264
499	1	20	1	18	1	9	1	11	0.09412071
500	3	12	3	10	3	1	3	3	0.100435511
501	3	25	3	23	3	14	3	16	0.091510786
502	3	16	3	14	3	5	3	7	0.093943427
503	2	25	2	23	2	14	2	16	0.090709129
504	2	24	2	22	2	13	2	15	0.089825996
505	1	25	1	23	1	14	1	16	0.092472687
506	1	24	1	22	1	13	1	15	0.088524696
507	2	20	2	18	2	9	2	11	0.114106753
508	1	22	1	20	1	11	1	13	0.091936598
509	3	24	3	22	3	13	3	15	0.090038077
510	1	21	1	19	1	10	1	12	0.091082754
511	2	14	2	12	2	3	2	5	0.083060054
512	2	21	2	19	2	10	2	12	0.091875045
513	2	22	2	20	2	11	2	13	0.087061561
514	1	17	1	15	1	6	1	8	0.095608528
515	3	14	3	12	3	3	3	5	0.095696846
516	1	18	1	16	1	7	1	9	0.100313019
517	2	12	2	10	2	1	2	3	0.107679658
518	3	21	3	19	3	10	3	12	0.092973196
519	3	13	3	11	3	2	3	4	0.095981594
520	2	19	2	17	2	8	2	10	0.113578006
521	1	16	1	14	1	5	1	7	0.093680639
522	1	13	1	11	1	2	1	4	0.098063143
523	3	17	3	15	3	6	3	8	0.0959235
524	2	18	2	16	2	7	2	9	0.09611766
525	1	14	1	12	1	3	1	5	0.096016053
526	1	19	1	17	1	8	1	10	0.095653663
527	1	12	1	10	1	1	1	3	0.098886563
528	3	22	3	20	3	11	3	13	0.091928177
529	2	16	2	14	2	5	2	7	0.08335399
530	3	20	3	18	3	9	3	11	0.096076696
531	1	15	1	13	1	4	1	6	0.095900642
532	2	17	2	15	2	6	2	8	0.082232325
533	3	19	3	17	3	8	3	10	0.096977504
534	3	23	3	21	3	12	3	14	0.089531876
535	1	23	1	21	1	12	1	14	0.092955439
536	2	23	2	21	2	12	2	14	0.09030169
537	2	13	2	11	1	2	1	4	0.066010072
538	2	15	2	13	1	4	1	6	0.068631687
539	2	17	2	15	1	6	1	8	0.07168227
540	2	14	2	12	1	3	1	5	0.06419578
541	2	18	2	16	1	7	1	9	0.075524422
542	2	16	2	14	1	5	1	7	0.069173837
543	3	15	3	13	2	4	2	6	0.06936631
544	2	25	2	23	1	14	1	16	0.072309685
545	3	21	3	19	2	10	2	12	0.073243101
546	2	12	2	10	1	1	1	3	0.083575688
547	3	24	3	22	2	13	2	15	0.070463649
548	2	21	2	19	1	10	1	12	0.072684277
549	3	14	3	12	2	3	2	5	0.070480301
550	2	22	2	20	1	11	1	13	0.073061716
551	3	19	3	17	2	8	2	10	0.090864522
552	2	20	2	18	1	9	1	11	0.077966674
553	3	16	3	14	2	5	2	7	0.067128169
554	3	20	3	18	2	9	2	11	0.089140358
555	2	23	2	21	1	12	1	14	0.072065155
556	3	12	3	10	2	1	2	3	0.07782346
557	3	18	3	16	2	7	2	9	0.076438204
558	3	25	3	23	2	14	2	16	0.069765367
559	3	22	3	20	2	11	2	13	0.068607488
560	2	19	2	17	1	8	1	10	0.079952839
561	2	24	2	22	1	13	1	15	0.069967215
562	3	13	3	11	2	2	2	4	0.071397312
563	3	23	3	21	2	12	2	14	0.069653272
564	3	17	3	15	2	6	2	8	0.065609562
565	3	16	3	14	1	8	1	10	0.051658825
566	3	20	3	18	1	12	1	14	0.048696367
567	3	11	3	9	1	3	1	5	0.056938017
568	3	23	3	21	1	15	1	17	0.047639793
569	3	10	3	8	1	2	1	4	0.054093949
570	3	21	3	19	1	13	1	15	0.045361086
571	3	24	3	22	1	16	1	18	0.045895766
572	3	17	3	15	1	9	1	11	0.057672254
573	3	19	3	17	1	11	1	13	0.049999061
574	3	22	3	20	1	14	1	16	0.048263355
575	3	14	3	12	1	6	1	8	0.035576949
576	3	12	3	10	1	4	1	6	0.047276492
577	3	9	3	7	1	1	1	3	0.049644943
578	3	18	3	16	1	10	1	12	0.05356764
579	3	13	3	11	1	5	1	7	0.035789969
580	3	25	3	23	1	17	1	19	0.048361139
581	3	15	3	13	1	7	1	9	0.04232684
582	3	24	3	22	1	15	1	17	0.047144361
583	3	11	3	9	1	2	1	4	0.054659383
584	3	14	3	12	1	5	1	7	0.037734959
585	3	25	3	23	1	16	1	18	0.048106352
586	3	22	3	20	1	13	1	15	0.045578805
587	3	15	3	13	1	6	1	8	0.039787261
588	3	13	3	11	1	4	1	6	0.041549915
589	3	18	3	16	1	9	1	11	0.053642727
590	3	19	3	17	1	10	1	12	0.053281977
591	3	23	3	21	1	14	1	16	0.046438055
592	3	16	3	14	1	7	1	9	0.045505053
593	3	10	3	8	1	1	1	3	0.051667177
594	3	20	3	18	1	11	1	13	0.04921799
595	3	12	3	10	1	3	1	5	0.047304036
596	3	17	3	15	1	8	1	10	0.050860509
597	3	21	3	19	1	12	1	14	0.047911614
598	3	22	3	20	1	12	1	14	0.042485273
599	3	20	3	18	1	10	1	12	0.047420009
600	3	14	3	12	1	4	1	6	0.036783703
601	3	11	3	9	1	1	1	3	0.047816408
602	3	16	3	14	1	6	1	8	0.037892842
603	3	15	3	13	1	5	1	7	0.036001819
604	3	12	3	10	1	2	1	4	0.043559399
605	3	17	3	15	1	7	1	9	0.04146101
606	3	23	3	21	1	13	1	15	0.041134387
607	3	19	3	17	1	9	1	11	0.049527948
608	3	24	3	22	1	14	1	16	0.04122837
609	3	25	3	23	1	15	1	17	0.043227365
610	3	18	3	16	1	8	1	10	0.046008907
611	3	13	3	11	1	3	1	5	0.038761418
612	3	21	3	19	1	11	1	13	0.043465782
613	3	13	3	11	1	6	1	8	0.020876573
614	3	17	3	15	1	10	1	12	0.047708355
615	3	19	3	17	1	12	1	14	0.040128371
616	3	20	3	18	1	13	1	15	0.035642247
617	3	15	3	13	1	8	1	10	0.038807707
618	3	12	3	10	1	5	1	7	0.031728408
619	3	23	3	21	1	16	1	18	0.036674516
620	3	8	3	6	1	1	1	3	0.038035589
621	3	25	3	23	1	18	1	20	0.03721574
622	3	10	3	8	1	3	1	5	0.04878116
623	3	16	3	14	1	9	1	11	0.050803926
624	3	11	3	9	1	4	1	6	0.048066816
625	3	22	3	20	1	15	1	17	0.038077026
626	3	24	3	22	1	17	1	19	0.036949177
627	3	9	3	7	1	2	1	4	0.04337625
628	3	18	3	16	1	11	1	13	0.041088724
629	3	14	3	12	1	7	1	9	0.027721506
630	3	21	3	19	1	14	1	16	0.036540728
631	3	15	3	13	1	4	1	6	0.033156987
632	3	14	3	12	1	3	1	5	0.032944478
633	3	23	3	21	1	12	1	14	0.03708004
634	3	19	3	17	1	8	1	10	0.041257766
635	3	22	3	20	1	11	1	13	0.038723186
636	3	21	3	19	1	10	1	12	0.039816478
637	3	25	3	23	1	14	1	16	0.036487978
638	3	17	3	15	1	6	1	8	0.034176841
639	3	18	3	16	1	7	1	9	0.036265024
640	3	16	3	14	1	5	1	7	0.031718165
641	3	24	3	22	1	13	1	15	0.036761158
642	3	20	3	18	1	9	1	11	0.042305752
643	3	12	3	10	1	1	1	3	0.038737049
644	3	13	3	11	1	2	1	4	0.034405366


