         407
    1     24     32     17     25   -0.5701932719E+01       98.43062
    2      8     16      1      9   -0.5342473770E+01       92.22540
    3     17     25     10     18   -0.7009001516E+01       97.21510
    4     17     25     13     21   -0.3715348567E+00       88.60729
    5     25      1     24     32    0.5972817579E+01       98.31087
    6     26      2      1      9   -0.6556942471E+01       90.94502
    7      9     17      8     16    0.5579305557E+01       91.83377
    8     18     26      9     17   -0.7154842924E+01       97.01920
    9     25      1      2     10   -0.6703310677E+01       90.89645
   10      2     10      1      9    0.1309007529E+02       93.34626
   11     18     26     17     25    0.1376167711E+02       98.13550
   12     18     26     11     19   -0.7034686112E+01       97.40542
   13     32      8      1      9    0.5947113083E+01       92.28263
   14     27      3      2     10   -0.6100221322E+01       84.46640
   15     17     25     16     24    0.6361427087E+01       98.71163
   16     23     31     16     24   -0.6923337546E+01       98.10319
   17     19     27     10     18   -0.7187211588E+01       97.29608
   18     32      8      7     15   -0.6130551000E+01       86.86946
   19     19     27     12     20   -0.7057736175E+01       97.55501
   20      8     16      7     15    0.1950326164E+02       94.89742
   21     24     32     23     31    0.2023626968E+02       98.46403
   22      3     11      2     10    0.1277936026E+02       90.79484
   23     19     27     18     26    0.1382090910E+02       98.19484
   24     26      2      3     11   -0.6230340374E+01       84.34254
   25     28      4      3     11   -0.5729232953E+01       79.19188
   26     22     30     15     23   -0.7043368758E+01       97.97665
   27     29      5      1      9   -0.3444447507E+00       82.14657
   28     20     28     13     21   -0.7076439420E+01       97.69931
   29     31      7      6     14   -0.5841604491E+01       81.25953
   30     21     29     14     22   -0.7079857250E+01       97.84073
   31     29      5      4     12   -0.5691163472E+01       78.57381
   32     15     23      8     16   -0.1384498206E+02       99.01045
   33     30      6      5     13   -0.5746051394E+01       79.40808
   34     31      7     24     32   -0.1379746314E+02       98.67062
   35     24     32     15     23   -0.7089772183E+01       98.16802
   36      4     12      3     11    0.1254020012E+02       88.55587
   37     20     28     19     27    0.1391129158E+02       98.23819
   38     31      7      8     16   -0.6310243055E+01       87.37433
   39     20     28     11     19   -0.7215810234E+01       97.51751
   40     16     24      7     15   -0.1402367628E+02       99.11962
   41     27      3      4     12   -0.5843899548E+01       78.97693
   42     32      8     23     31   -0.1396489561E+02       98.70416
   43     10     18      9     17    0.1415148127E+02       96.37120
   44     23     31     14     22   -0.7209157191E+01       98.03437
   45     21     29     12     20   -0.7238385203E+01       97.71091
   46      5     13      4     12    0.1268846355E+02       88.62976
   47     21     29     20     28    0.1407168122E+02       98.29163
   48     30      6      7     15   -0.5988905118E+01       81.44066
   49     22     30     13     21   -0.7244253086E+01       97.88229
   50     28      4      5     13   -0.5802563792E+01       78.32877
   51     29      5      6     14   -0.5865951443E+01       79.25907
   52     10     18      3     11   -0.7075177520E+01       96.28330
   53      9     17      2     10   -0.6876277095E+01       94.31558
   54      6     14      5     13    0.1310100151E+02       89.48344
   55     22     30     21     29    0.1440146573E+02       98.36596
   56     26      2     19     27   -0.7161880694E+01       97.46321
   57     11     19      4     12   -0.7290815979E+01       97.95774
   58     25      1     18     26   -0.7099407467E+01       97.37606
   59     27      3     20     28   -0.7279628232E+01       97.80743
   60     11     19      2     10   -0.7207322121E+01       95.92916
   61     10     18      1      9   -0.7025706105E+01       94.23405
   62     12     20      5     13   -0.7553137147E+01       99.22546
   63     16     24     15     23    0.2126509733E+02       98.40316
   64     11     19     10     18    0.1434058200E+02       97.20988
   65     12     20      3     11   -0.7395114054E+01       97.20568
   66     27      3     18     26   -0.7312380620E+01       97.32748
   67     28      4     21     29   -0.7482417662E+01       98.29642
   68     26      2     17     25   -0.7242188071E+01       97.13767
   69     28      4     19     27   -0.7448070810E+01       97.90177
   70     13     21      4     12   -0.7646421716E+01       98.32128
   71     12     20     11     19    0.1451226918E+02       97.65046
   72     29      5     20     28   -0.7662479196E+01       98.52775
   73      7     15      6     14    0.1413534018E+02       91.08393
   74     23     31     22     30    0.1528262041E+02       98.47666
   75     13     21     12     20    0.1474063958E+02       97.92726
   76     13     21      6     14   -0.7955509499E+01       99.95226
   77     32      8      9     17   -0.6420786216E+01       92.03178
   78     29      5     22     30   -0.7855220135E+01       98.69224
   79     25      1     16     24   -0.6869153292E+01       98.45841
   80     14     22      5     13   -0.8052957607E+01       99.12322
   81     30      6     21     29   -0.8042067912E+01       98.98918
   82     14     22     13     21    0.1514643132E+02       98.13762
   83     18     26     14     22   -0.3854121738E+00       89.49196
   84     15     23     14     22    0.1613451192E+02       98.33729
   85      6     14      1      9    0.4149541952E+00      224.68755
   86     14     22      7     15   -0.8869888559E+01       99.91762
   87     30      6     23     31   -0.8782132999E+01       98.92907
   88     22     30     17     25    0.1670528753E+00       90.45505
   89     15     23      6     14   -0.9002405473E+01       99.56121
   90     31      7     22     30   -0.8962705145E+01       99.12215
   91     20     28     16     24   -0.3705732114E+00       90.25006
   92     19     27     15     23   -0.3905157798E+00       90.08559
   93     30      6      2     10   -0.4229285512E+00       98.20319
   94     32      8      4     12   -0.2683731270E+00       65.36007
   95     31      7      3     11   -0.4103500422E+00       94.66103
   96     11     19      8     16   -0.2635250313E+00      359.23152
   97     17     25     11     19   -0.2962816757E+01       96.67040
   98     17     25     12     20   -0.1411316526E+01       95.21049
   99     27      3      1      9   -0.2415360854E+01       78.80808
  100     24     32      8     16    0.6081635633E+00       98.80512
  101     24     32      7     15    0.6509656366E+00       99.61331
  102     23     31      8     16    0.6519634702E+00       99.76600
  103     23     31      7     15    0.7122518636E+00      100.47095
  104     24     32      6     14    0.6348359306E+00       99.33474
  105     22     30      8     16    0.6465407197E+00      101.16623
  106     23     31      6     14    0.7086697810E+00       99.54931
  107     22     30      7     15    0.7234534939E+00      101.62602
  108     22     30      6     14    0.7368256499E+00       99.80248
  109     28      4      1      9   -0.1045056209E+01       70.50177
  110     24     32      5     13    0.5728781362E+00       98.52682
  111     21     29      8     16    0.5997591701E+00      103.14997
  112     23     31      5     13    0.6541833379E+00       97.86452
  113     21     29      7     15    0.6895081302E+00      103.14903
  114     22     30      5     13    0.6980074891E+00       97.00029
  115     21     29      6     14    0.7204594294E+00      100.12038
  116     21     29      5     13    0.7019068888E+00       95.97174
  117     22     30      4     12    0.6248628345E+00       94.45542
  118     20     28      6     14    0.6650549517E+00      100.53094
  119     20     28      5     13    0.6672373910E+00       94.80509
  120     21     29      4     12    0.6491216400E+00       92.23109
  121     20     28      7     15    0.6194923772E+00      105.14861
  122     23     31      4     12    0.5680276278E+00       96.41331
  123     24     32      4     12    0.4837082225E+00       98.01108
  124     20     28      8     16    0.5228992563E+00      105.95214
  125     19     27      9     17   -0.3288047509E+01       96.11358
  126     20     28      4     12    0.6385385153E+00       89.81874
  127     21     29      3     11    0.5693972341E+00       88.81659
  128     19     27      5     13    0.5992695529E+00       93.47618
  129     19     27      4     12    0.5945154030E+00       87.23093
  130     20     28      3     11    0.5841468834E+00       85.70960
  131     19     27      6     14    0.5793859996E+00      101.05015
  132     22     30      3     11    0.5270312388E+00       91.91900
  133     25      1      3     11   -0.2706139361E+01       79.10371
  134     19     27      7     15    0.5246165632E+00      107.81082
  135     23     31      3     11    0.4615946929E+00       94.85957
  136     19     27      3     11    0.5693019690E+00       82.67120
  137     19     27      8     16    0.4283050099E+00      110.01878
  138     24     32      3     11    0.3793769852E+00       97.45063
  139     18     26      5     13    0.5065009487E+00       91.90599
  140     21     29      2     10    0.4714620904E+00       85.54809
  141     18     26      4     12    0.5223274212E+00       84.40860
  142     20     28      2     10    0.5107016755E+00       82.52987
  143     18     26      6     14    0.4740820154E+00      101.69959
  144     22     30      2     10    0.4147924329E+00       88.98085
  145     19     27      2     10    0.5281831846E+00       79.99678
  146     18     26      3     11    0.5261576351E+00       79.69000
  147     18     26      7     15    0.4164869113E+00      111.50693
  148     23     31      2     10    0.3460114006E+00       92.63837
  149     18     26     12     20   -0.2984117354E+01       96.96318
  150     18     26      8     16    0.3276300844E+00      116.30953
  151     24     32      2     10    0.2711365744E+00       96.25419
  152     18     26      2     10    0.5211587085E+00       77.91572
  153     17     25      5     13    0.3993825379E+00       89.97653
  154     21     29      1      9    0.3628581643E+00       81.74798
  155     17     25      4     12    0.4304533978E+00       81.24503
  156     20     28      1      9    0.4197995707E+00       79.23419
  157     28      4      2     10   -0.2240676122E+01       72.80648
  158     24     32     18     26   -0.1340936530E+01       99.80802
  159      8     16      2     10   -0.1131591212E+01       84.22612
  160     17     25      6     14    0.3602581771E+00      102.56447
  161     22     30      1      9    0.2993079952E+00       85.21212
  162     17     25      3     11    0.4595499223E+00       76.71322
  163     19     27      1      9    0.4648732809E+00       77.60186
  164     18     26     13     21   -0.1429325716E+01       95.61567
  165     19     27     13     21   -0.3003276573E+01       97.22679
  166     17     25      7     15    0.3058968731E+00      117.09472
  167     23     31      1      9    0.2340090710E+00       89.57668
  168     20     28     10     18   -0.3321795955E+01       96.74058
  169     18     26      1      9    0.4925732852E+00       76.69603
  170     17     25      2     10    0.4895124813E+00       76.21945
  171      3     11      1      9    0.5193000991E+01       86.73422
  172     20     28     14     22   -0.3014081042E+01       97.48734
  173     19     27     17     25    0.5892433074E+01       98.41623
  174     29      5      3     11   -0.2219525165E+01       71.85396
  175     22     30     16     24   -0.2926454397E+01       98.00090
  176     21     29     15     23   -0.2999676254E+01       97.74499
  177     24     32      9     17   -0.4425016467E+00       95.39942
  178     26      2      4     12   -0.2498264572E+01       72.75690
  179     29      5      2     10   -0.1095946474E+01       73.31405
  180     26      2     24     32    0.1727210534E+01       98.92239
  181     23     31      9     17   -0.6431241515E+00       94.38679
  182     32      8      6     14   -0.2257123975E+01       75.58641
  183     20     28      9     17   -0.1985132202E+01       94.89271
  184     30      6      4     12   -0.2256834593E+01       72.99498
  185     31      7      5     13   -0.2269308927E+01       73.94584
  186     17     25      8     16    0.2306496170E+00      127.25793
  187     24     32      1      9    0.1716167874E+00       94.68733
  188     19     27     14     22   -0.1442961337E+01       95.98477
  189     10     18      8     16    0.1461599581E+01       83.71007
  190     22     30      9     17   -0.9194157564E+00       93.90757
  191     21     29     11     19   -0.3350266192E+01       97.24794
  192     25      1      4     12   -0.1494943315E+01       71.46084
  193      7     15      2     10    0.5347719589E+00      157.21228
  194     21     29      9     17   -0.1324427757E+01       94.08695
  195     20     28     15     23   -0.1441463898E+01       96.33215
  196     23     31     18     26    0.3220887900E+00       94.68767
  197     25      1     23     31    0.1966814663E+01       99.17074
  198     21     29     16     24   -0.1400665262E+01       96.65977
  199     27      3      5     13   -0.2461528185E+01       71.45060
  200     23     31     17     25   -0.1557699582E+01       99.65266
  201     22     30     12     20   -0.3367187745E+01       97.65897
  202      7     15      1      9   -0.1114517910E+01       71.30045
  203     17     25      1      9    0.4983511335E+00       76.35966
  204     23     31     13     21   -0.3356451923E+01       97.99810
  205     24     32     14     22   -0.3285175168E+01       98.29120
  206     25      1      8     16   -0.4674814039E+00      100.78484
  207     25      1      7     15   -0.6296085387E+00       92.40320
  208     28      4      6     14   -0.2508493031E+01       72.75414
  209     30      6      8     16   -0.2613542550E+01       78.19621
  210      9     17      7     15    0.1438229576E+01       72.51842
  211     30      6      3     11   -0.1158412275E+01       77.05677
  212     29      5      7     15   -0.2563493530E+01       74.84615
  213      4     12      2     10    0.5142775729E+01       84.95781
  214     20     28     18     26    0.5963448141E+01       98.51518
  215     25      1      6     14   -0.7964222294E+00       81.34522
  216     27      3     24     32   -0.7760514990E-01      105.78963
  217     25      1      5     13   -0.1031781104E+01       73.29742
  218     31      7      4     12   -0.1144553281E+01       76.48979
  219     32      8      5     13   -0.1035682378E+01       71.47234
  220     24     32     10     18   -0.6574105792E+00       96.08481
  221      5     13      3     11    0.5266256780E+01       85.39063
  222     21     29     19     27    0.6081488756E+01       98.60934
  223     11     19      5     13   -0.3403998147E+01      101.21095
  224     14     22      8     16   -0.5996315829E+01      100.57723
  225     10     18      4     12   -0.3166838578E+01       97.78955
  226     30      6     24     32   -0.5930331044E+01       99.47046
  227      8     16      6     14    0.7963317659E+01       91.90102
  228     24     32     22     30    0.8580670282E+01       99.02561
  229      6     14      4     12    0.5550878099E+01       86.91081
  230      9     17      3     11   -0.2946411552E+01       93.08461
  231     22     30     20     28    0.6305429786E+01       98.72492
  232     27      3     21     29   -0.3300619798E+01       98.13721
  233     12     20      6     14   -0.3707440020E+01      102.96998
  234     26      2     20     28   -0.3152353861E+01       97.34228
  235     16     24      6     14   -0.6341029615E+01      100.36388
  236     23     31     10     18   -0.9445502917E+00       95.64850
  237     28      4     22     30   -0.3563104876E+01       98.96124
  238     32      8     22     30   -0.6300756605E+01       99.72645
  239     26      2      8     16   -0.6576384542E+00       96.11811
  240     21     29     10     18   -0.2019423842E+01       95.95609
  241     25      1     19     27   -0.3069258846E+01       96.96567
  242     13     21      3     11   -0.3616128849E+01       97.22324
  243     11     19      9     17    0.6446382726E+01       95.51514
  244     12     20      2     10   -0.3412801283E+01       94.94352
  245      7     15      5     13    0.6118466034E+01       88.71567
  246     23     31     21     29    0.6819205466E+01       98.87615
  247     10     18      6     14   -0.9670824263E+00      137.17523
  248      5     13      1      9    0.1397296436E+01       90.50205
  249     14     22      4     12   -0.3918906341E+01       99.04625
  250     21     29     17     25    0.1506743603E+01       97.59088
  251     22     30     10     18   -0.1356188547E+01       95.57184
  252     11     19      1      9   -0.3242513417E+01       92.07914
  253     26      2      5     13   -0.1516886537E+01       72.07724
  254     29      5     19     27   -0.3677481736E+01       98.87277
  255     24     32     11     19   -0.9472750606E+00       96.60682
  256     13     21      7     15   -0.4244480634E+01      102.51984
  257     26      2      7     15   -0.8781978098E+00       88.92941
  258     28      4     18     26   -0.3501658208E+01       97.41550
  259      4     12      1      9    0.2635789576E+01       83.12986
  260     30      6     20     28   -0.3956403696E+01       99.99395
  261     20     28     17     25    0.3111206304E+01       98.12398
  262      9     17      5     13   -0.7648978696E+00      131.84495
  263     29      5     23     31   -0.4116936880E+01       99.43919
  264     27      3     17     25   -0.3389166239E+01       96.24370
  265     22     30     11     19   -0.2044252674E+01       96.74706
  266     26      2      6     14   -0.1120363101E+01       78.95300
  267     27      3      8     16   -0.8863666908E+00       90.39514
  268     15     23      5     13   -0.4503340445E+01      100.15675
  269     32      8      2     10    0.2013461290E+01       89.29807
  270     23     31     11     19   -0.1372660877E+01       96.54030
  271     23     31     12     20   -0.2049687297E+01       97.32556
  272     27      3      6     14   -0.1586294604E+01       75.07357
  273     11     19      7     15   -0.1176779393E+01      124.89262
  274     24     32     13     21   -0.2012843674E+01       97.77108
  275     31      7     21     29   -0.4509037342E+01      100.28345
  276     24     32     12     20   -0.1359420099E+01       97.17323
  277     28      4      7     15   -0.1630503524E+01       77.42141
  278     26      2     22     30   -0.6811338123E+00       96.61502
  279     29      5      8     16   -0.1607230119E+01       78.06897
  280     31      7      1      9    0.1759621620E+01       77.94241
  281     27      3      7     15   -0.1190019334E+01       83.69498
  282     12     20     10     18    0.6618492727E+01       96.84042
  283     18     26     16     24    0.2261329830E+01      100.29117
  284     28      4      8     16   -0.1165942622E+01       83.34319
  285     11     19      6     14   -0.2042962697E+01      109.11287
  286     27      3     23     31   -0.9322530538E+00       98.94082
  287     16     24     14     22    0.9600906115E+01       98.78740
  288     10     18      5     13   -0.1798569094E+01      105.60804
  289      5     13      2     10    0.2808954682E+01       86.25733
  290     21     29     18     26    0.3200573329E+01       98.28315
  291     17     25     15     23    0.2260371221E+01      100.12310
  292      6     14      2     10    0.1613363512E+01       97.31579
  293     13     21     11     19    0.6809229523E+01       97.59307
  294     22     30     18     26    0.1622529926E+01       97.86870
  295     25      1     21     29   -0.5451740098E+00       93.97129
  296     27      3     22     30   -0.1841851917E+01       98.37172
  297      9     17      4     12   -0.1571299659E+01       97.68515
  298     26      2     21     29   -0.1652611578E+01       97.03773
  299     14     22     12     20    0.7103000656E+01       98.08679
  300     12     20      7     15   -0.2381529003E+01      107.29772
  301      6     14      3     11    0.3049871301E+01       89.38764
  302     22     30     19     27    0.3359073352E+01       98.44994
  303     13     21      8     16   -0.3221038039E+01      102.66438
  304     28      4     23     31   -0.2204719329E+01       99.33171
  305     12     20      8     16   -0.1611641302E+01      108.75635
  306     29      5     24     32   -0.3125056545E+01       99.60515
  307     15     23     13     21    0.7704617175E+01       98.46962
  308      7     15      3     11    0.1842182163E+01       98.12008
  309     23     31     19     27    0.1843319238E+01       98.18065
  310     25      1     20     28   -0.1545873672E+01       96.10446
  311      7     15      4     12    0.3392540149E+01       90.79691
  312     23     31     20     28    0.3686378998E+01       98.66113
  313      8     16      5     13    0.4228508988E+01       91.63065
  314     14     22      3     11   -0.2418490265E+01       97.44109
  315     24     32     21     29    0.4565022083E+01       98.92280
  316      8     16      3     11    0.7215867122E+00      108.57409
  317     24     32     19     27    0.6455032253E+00       97.12613
  318     28      4     24     32   -0.1477978353E+01       99.73654
  319     13     21      2     10   -0.2184470299E+01       94.45441
  320     16     24      5     13   -0.3765704747E+01      100.49629
  321     15     23      4     12   -0.2816014495E+01       99.53339
  322     30      6     19     27   -0.2495498014E+01      100.54374
  323     12     20      1      9   -0.2010532937E+01       90.63810
  324     32      8     21     29   -0.3764115991E+01      100.45389
  325      8     16      4     12    0.2254684668E+01       94.44401
  326     24     32     20     28    0.2353690230E+01       98.59115
  327     31      7     20     28   -0.2864407478E+01      101.24386
  328     29      5     18     26   -0.2277748562E+01       98.48768
  329     15     23      3     11   -0.1893426814E+01       98.07496
  330     14     22      2     10   -0.1605227393E+01       94.79560
  331     28      4     17     25   -0.2130343175E+01       96.03934
  332     15     23      2     10   -0.1297961741E+01       95.68193
  333     16     24      4     12   -0.2470019764E+01       99.99104
  334     13     21      1      9   -0.1415709850E+01       90.25837
  335     16     24      3     11   -0.1683003246E+01       98.78220
  336     25      1     22     30    0.4530548859E+00      102.23890
  337     31      7     19     27   -0.1977420022E+01      102.42561
  338     14     22      1      9   -0.1078284746E+01       90.82129
  339     16     24      2     10   -0.1153006653E+01       96.65276
  340     12     20      9     17    0.3898336025E+01       94.55719
  341     30      6     18     26   -0.1711199768E+01      101.05373
  342     32      8     20     28   -0.2506016275E+01      101.44825
  343     15     23      1      9   -0.8791127808E+00       91.98608
  344     31      7     18     26   -0.1408914813E+01      103.86107
  345     32      8     19     27   -0.1751741465E+01      102.81672
  346     29      5     17     25   -0.1534591284E+01       97.83764
  347     16     24      1      9   -0.7762560998E+00       93.20405
  348     32      8     18     26   -0.1248023384E+01      104.61770
  349     30      6     17     25   -0.1205435112E+01      101.53085
  350     31      7      9     17   -0.2324932144E+01       79.28094
  351     13     21     10     18    0.4072968191E+01       96.24244
  352     25      1     15     23   -0.2911085160E+01       99.26895
  353      9     17      6     14    0.2120985717E-01        4.78634
  354     31      7     17     25   -0.1008568511E+01      105.53170
  355     32      8     10     18   -0.2623311181E+01       88.72001
  356     16     24     13     21    0.5689344147E+01       98.46800
  357     14     22     11     19    0.4301224321E+01       97.24271
  358     26      2     16     24   -0.2927445356E+01       99.00578
  359     15     23     12     20    0.4704582679E+01       97.92215
  360     26      2     23     31    0.2764501011E+00      100.94743
  361     32      8     17     25   -0.8901439848E+00      106.87841
  362     13     21      9     17    0.2659688944E+01       93.94028
  363     14     22     10     18    0.2852297754E+01       95.90818
  364     16     24     12     20    0.3741496075E+01       97.91460
  365     15     23     11     19    0.3144013060E+01       97.08629
  366     10     18      7     15   -0.7306106043E-01      -26.67869
  367     14     22      9     17    0.1954710608E+01       93.71545
  368     15     23     10     18    0.2182636612E+01       95.85622
  369     16     24     11     19    0.2582078012E+01       97.13572
  370     15     23      9     17    0.1529826720E+01       93.81795
  371     32      8      3     11    0.5820395482E+00       89.56567
  372     16     24     10     18    0.1819122178E+01       95.99512
  373     31      7      2     10    0.4171783814E+00       64.89300
  374     19     27     16     24    0.6779332297E+00      104.32203
  375     16     24      9     17    0.1283982305E+01       94.05729
  376     18     26     15     23    0.6703391113E+00      104.27270
  377     30      6      1      9    0.3640225556E+00       55.88921
  378     30      6      9     17   -0.1056504709E+01       68.16765
  379     25      1     14     22   -0.1554549921E+01      100.30245
  380     31      7     10     18   -0.1165025260E+01       74.52235
  381     17     25     14     22    0.6781240592E+00      104.11392
  382     26      2     15     23   -0.1555013983E+01       99.46848
  383     32      8     11     19   -0.1371277920E+01       85.47452
  384     27      3     16     24   -0.1577007997E+01       98.29809
  385     29      5      9     17   -0.5703633171E+00       67.62331
  386     25      1     13     21   -0.8724442376E+00      103.43857
  387     30      6     10     18   -0.5290267815E+00       62.24103
  388     32      8     12     20   -0.7704346738E+00       81.93194
  389     26      2     14     22   -0.8616581874E+00      101.37576
  390     28      4     16     24   -0.9009031000E+00       95.80662
  391     31      7     11     19   -0.5945727901E+00       68.00681
  392     27      3     15     23   -0.8600704660E+00       98.37424
  393     32      8     13     21   -0.4554624338E+00       78.30052
  394     29      5     16     24   -0.5229741380E+00       89.90674
  395     28      4      9     17   -0.3419041637E+00       80.97815
  396     32      8     16     24   -0.4862183182E+00       88.42474
  397     25      1     12     20   -0.4764865612E+00      112.85327
  398     31      7     12     20   -0.2733663793E+00       57.08841
  399     29      5     10     18   -0.2549752554E+00       60.07930
  400     28      4     15     23   -0.4471042858E+00       93.37092
  401     26      2     13     21   -0.4591721753E+00      108.19380
  402     30      6     11     19   -0.2140089503E+00       48.87624
  403     27      3     14     22   -0.4397727186E+00      100.43710
  404     32      8     14     22   -0.3194151178E+00       77.04804
  405     30      6     16     24   -0.3334221032E+00       80.42675
  406     32      8     15     23   -0.3303430924E+00       81.61777
  407     31      7     16     24   -0.3180835085E+00       78.58880
