    P+   P-        C+   C-  Normalised_Error  Observed_Rho  Calculated_Rho  Original_Weight  Final_Weight    C
    1    3         4    6       -0.99371         45.788         44.886         0.49974E+02    0.49974E+02    0
    1    3         6    8        0.14883         42.179         42.308         0.48570E+02    0.48570E+02    0
    1    3         8   10       -1.97151         46.371         44.224         0.41598E+02    0.41598E+02    0
    1    3        10   12       -0.99628         45.142         43.544         0.27644E+02    0.27644E+02    0
    1    3        12   14       -0.18308         47.019         46.528         0.17438E+02    0.17438E+02    0
    1    3        14   16        0.25497         43.581         44.692         0.10133E+02    0.10133E+02    0
    1    3        16    5       -0.74509         45.026         44.358         0.49868E+02    0.49868E+02    0
    1    3         5    7       -0.59026         44.763         44.235         0.49725E+02    0.49725E+02    0
    1    3         7    9       -1.29290         45.902         44.637         0.46252E+02    0.46252E+02    0
    1    3         9   11       -1.40081         45.622         43.821         0.34778E+02    0.34778E+02    0
    1    3        11   13       -0.51507         45.963         44.896         0.21917E+02    0.21917E+02    0
    1    3        13   15        0.02379         47.397         47.479         0.13810E+02    0.13810E+02    0
    2    4         5    7       -1.34711         54.910         53.450         0.49982E+02    0.49982E+02    0
    2    4         7    9       -0.36539         49.474         49.106         0.48949E+02    0.48949E+02    0
    2    4         9   11       -1.73637         51.592         49.545         0.42886E+02    0.42886E+02    0
    2    4        11   13       -1.19015         52.885         50.873         0.30686E+02    0.30686E+02    0
    2    4        13   15       -0.50889         55.037         53.652         0.19967E+02    0.19967E+02    0
    2    4        15   17        0.21104         53.228         54.153         0.12253E+02    0.12253E+02    0
    2    4        17    6        0.19255         47.285         47.468         0.49880E+02    0.49880E+02    0
    2    4         6    8        0.65022         45.727         46.329         0.49737E+02    0.49737E+02    0
    2    4         8   10       -1.61437         51.123         49.394         0.46913E+02    0.46913E+02    0
    2    4        10   12       -1.43321         51.290         49.331         0.36819E+02    0.36819E+02    0
    2    4        12   14       -0.90988         54.551         52.605         0.25047E+02    0.25047E+02    0
    2    4        14   16       -0.03646         50.630         50.504         0.14673E+02    0.14673E+02    0
    3    5         6    8       -0.25127         45.806         45.576         0.49974E+02    0.49974E+02    0
    3    5         8   10       -0.93394         53.533         52.524         0.49098E+02    0.49098E+02    0
    3    5        10   12       -1.65918         57.313         55.192         0.44003E+02    0.44003E+02    0
    3    5        12   14       -1.61517         62.989         60.064         0.33969E+02    0.33969E+02    0
    3    5        14   16       -0.63438         60.217         58.467         0.21511E+02    0.21511E+02    0
    3    5        16   18        0.09454         63.550         63.967         0.14445E+02    0.14445E+02    0
    3    5        18    7       -0.46673         52.524         52.035         0.49903E+02    0.49903E+02    0
    3    5         7    9        0.30072         49.732         50.033         0.49777E+02    0.49777E+02    0
    3    5         9   11       -1.46472         56.169         54.460         0.47402E+02    0.47402E+02    0
    3    5        11   13       -1.69465         60.175         57.640         0.39366E+02    0.39366E+02    0
    3    5        13   15       -1.26896         64.547         61.712         0.28252E+02    0.28252E+02    0
    3    5        15   17       -0.22353         63.849         63.063         0.18051E+02    0.18051E+02    0
    4    6         7    9       -0.99483         52.921         51.878         0.49981E+02    0.49981E+02    0
    4    6         9   11       -1.02040         60.053         58.822         0.49279E+02    0.49279E+02    0
    4    6        11   13       -2.05436         66.590         63.640         0.45348E+02    0.45348E+02    0
    4    6        13   15       -2.26621         73.428         69.028         0.36677E+02    0.36677E+02    0
    4    6        15   17       -1.17899         74.799         71.415         0.25471E+02    0.25471E+02    0
    4    6        17   19       -0.15754         71.691         70.993         0.16114E+02    0.16114E+02    0
    4    6        19    8       -0.99562         58.997         57.832         0.49923E+02    0.49923E+02    0
    4    6         8   10       -0.52049         55.846         55.266         0.49823E+02    0.49823E+02    0
    4    6        10   12       -1.50331         62.245         60.320         0.47854E+02    0.47854E+02    0
    4    6        12   14       -2.40643         70.699         66.726         0.41605E+02    0.41605E+02    0
    4    6        14   16       -1.60432         69.467         65.810         0.29666E+02    0.29666E+02    0
    4    6        16   18       -0.65917         75.318         72.965         0.20770E+02    0.20770E+02    0
    5    7         8   10       -1.36379         54.093         52.637         0.49981E+02    0.49981E+02    0
    5    7        10   12       -0.51752         59.311         58.691         0.49262E+02    0.49262E+02    0
    5    7        12   14       -1.98202         68.880         65.951         0.45614E+02    0.45614E+02    0
    5    7        14   16       -1.92191         69.822         66.174         0.35811E+02    0.35811E+02    0
    5    7        16   18       -1.25047         78.269         74.638         0.26330E+02    0.26330E+02    0
    5    7        18   20        0.14560         81.064         81.724         0.17962E+02    0.17962E+02    0
    5    7        20    9       -0.87684         60.850         59.791         0.49928E+02    0.49928E+02    0
    5    7         9   11       -0.35240         57.413         57.009         0.49832E+02    0.49832E+02    0
    5    7        11   13       -1.26018         64.132         62.470         0.47971E+02    0.47971E+02    0
    5    7        13   15       -2.26771         72.664         68.840         0.41951E+02    0.41951E+02    0
    5    7        15   17       -1.71056         76.427         72.386         0.31492E+02    0.31492E+02    0
    5    7        17   19       -0.65905         75.258         72.906         0.20756E+02    0.20756E+02    0
    6    8         9   11       -1.16243         55.721         54.440         0.49983E+02    0.49983E+02    0
    6    8        11   13       -0.17827         56.641         56.436         0.49192E+02    0.49192E+02    0
    6    8        13   15       -1.02075         63.609         62.181         0.44967E+02    0.44967E+02    0
    6    8        15   17       -1.20129         68.642         66.359         0.35512E+02    0.35512E+02    0
    6    8        17   19       -0.62500         69.511         67.732         0.24101E+02    0.24101E+02    0
    6    8        19   21        0.44380         68.925         70.920         0.15553E+02    0.15553E+02    0
    6    8        21   10       -0.37708         56.693         56.267         0.49917E+02    0.49917E+02    0
    6    8        10   12       -0.15914         53.984         53.812         0.49811E+02    0.49811E+02    0
    6    8        12   14       -0.43261         59.825         59.285         0.47689E+02    0.47689E+02    0
    6    8        14   16       -1.08394         61.847         60.184         0.39771E+02    0.39771E+02    0
    6    8        16   18       -0.99482         71.419         69.105         0.30198E+02    0.30198E+02    0
    6    8        18   20        0.21302         75.574         76.351         0.20828E+02    0.20828E+02    0
    7    9        10   12       -0.35906         48.597         48.249         0.49977E+02    0.49977E+02    0
    7    9        12   14       -0.14930         49.902         49.750         0.48966E+02    0.48966E+02    0
    7    9        14   16        0.23967         50.364         50.648         0.42609E+02    0.42609E+02    0
    7    9        16   18       -0.39485         60.107         59.395         0.33105E+02    0.33105E+02    0
    7    9        18   20        0.31080         65.404         66.295         0.22985E+02    0.22985E+02    0
    7    9        20   22        0.65091         61.692         64.616         0.14057E+02    0.14057E+02    0
    7    9        22   11       -0.28623         50.772         50.481         0.49896E+02    0.49896E+02    0
    7    9        11   13       -0.51256         49.051         48.549         0.49771E+02    0.49771E+02    0
    7    9        13   15        0.08058         51.959         52.048         0.47003E+02    0.47003E+02    0
    7    9        15   17       -0.21513         56.674         56.358         0.38446E+02    0.38446E+02    0
    7    9        17   19       -0.34985         59.206         58.432         0.26597E+02    0.26597E+02    0
    7    9        19   21        0.43551         60.358         61.907         0.17183E+02    0.17183E+02    0
    8   10        11   13       -0.93522         46.084         45.229         0.49974E+02    0.49974E+02    0
    8   10        13   15       -0.15110         44.292         44.155         0.48699E+02    0.48699E+02    0
    8   10        15   17        0.09169         47.488         47.592         0.41899E+02    0.41899E+02    0
    8   10        17   19       -0.49467         50.685         49.853         0.29871E+02    0.29871E+02    0
    8   10        19   21        0.12572         52.873         53.218         0.19301E+02    0.19301E+02    0
    8   10        21   23        0.65091         60.391         63.312         0.13783E+02    0.13783E+02    0
    8   10        23   12       -0.69148         45.322         44.698         0.49870E+02    0.49870E+02    0
    8   10        12   14       -1.13026         44.526         43.525         0.49722E+02    0.49722E+02    0
    8   10        14   16        0.51856         42.114         42.595         0.45637E+02    0.45637E+02    0
    8   10        16   18       -0.25721         51.043         50.686         0.36737E+02    0.36737E+02    0
    8   10        18   20        0.06175         56.674         56.810         0.25767E+02    0.25767E+02    0
    8   10        20   22        0.37812         54.426         55.755         0.15668E+02    0.15668E+02    0
    9   11        12   14       -1.16999         44.176         43.154         0.49972E+02    0.49972E+02    0
    9   11        14   16        0.76631         37.683         38.286         0.48228E+02    0.48228E+02    0
    9   11        16   18        0.02166         46.074         46.098         0.41515E+02    0.41515E+02    0
    9   11        18   20       -0.08343         51.932         51.789         0.30337E+02    0.30337E+02    0
    9   11        20   22        0.08255         50.894         51.120         0.18681E+02    0.18681E+02    0
    9   11        22   24        0.64018         50.462         53.313         0.11652E+02    0.11652E+02    0
    9   11        24   13       -0.13189         42.291         42.179         0.49851E+02    0.49851E+02    0
    9   11        13   15       -0.59954         41.384         40.887         0.49679E+02    0.49679E+02    0
    9   11        15   17        0.47143         42.332         42.772         0.45676E+02    0.45676E+02    0
    9   11        17   19       -0.50345         45.906         45.248         0.34889E+02    0.34889E+02    0
    9   11        19   21       -0.13834         48.925         48.632         0.23036E+02    0.23036E+02    0
    9   11        21   23        0.39237         56.902         58.288         0.16307E+02    0.16307E+02    0
   10   12        13   15       -1.13320         45.199         44.186         0.49973E+02    0.49973E+02    0
   10   12        15   17        0.47013         41.555         41.960         0.48529E+02    0.48529E+02    0
   10   12        17   19       -0.52506         45.325         44.752         0.41302E+02    0.41302E+02    0
   10   12        19   21       -0.53212         49.380         48.494         0.29370E+02    0.29370E+02    0
   10   12        21   23       -0.07214         58.807         58.606         0.21098E+02    0.21098E+02    0
   10   12        23   14       -0.09775         41.156         41.075         0.49837E+02    0.49837E+02    0
   10   12        14   16        0.24384         37.886         38.073         0.49618E+02    0.49618E+02    0
   10   12        16   18        0.11167         45.684         45.795         0.46220E+02    0.46220E+02    0
   10   12        18   20       -0.22457         51.825         51.511         0.36993E+02    0.36993E+02    0
   10   12        20   22       -0.37734         51.970         51.164         0.24144E+02    0.24144E+02    0
   10   12        22   24        0.35497         52.429         53.673         0.15147E+02    0.15147E+02    0
   11   13        14   16       -1.54740         41.703         40.431         0.49969E+02    0.49969E+02    0
   11   13        16   18        0.09598         45.628         45.718         0.48771E+02    0.48771E+02    0
   11   13        18   20       -0.22229         51.704         51.437         0.42910E+02    0.42910E+02    0
   11   13        20   22       -0.48093         52.623         51.803         0.30591E+02    0.30591E+02    0
   11   13        22   24        0.20193         54.422         54.980         0.19779E+02    0.19779E+02    0
   11   13        24   15       -0.23468         43.532         43.327         0.49855E+02    0.49855E+02    0
   11   13        15   17       -0.40936         41.988         41.643         0.49688E+02    0.49688E+02    0
   11   13        17   19       -0.61470         44.828         44.234         0.46091E+02    0.46091E+02    0
   11   13        19   21       -0.51786         49.426         48.724         0.36188E+02    0.36188E+02    0
   11   13        21   23       -0.26795         60.408         59.811         0.26981E+02    0.26981E+02    0
   12   14        15   17       -2.02645         50.380         48.378         0.49979E+02    0.49979E+02    0
   12   14        17   19       -1.03446         46.503         45.528         0.48815E+02    0.48815E+02    0
   12   14        19   21       -0.80246         51.107         50.157         0.42778E+02    0.42778E+02    0
   12   14        21   23       -0.86850         64.156         62.552         0.34303E+02    0.34303E+02    0
   12   14        23   16       -0.91492         52.029         51.083         0.49892E+02    0.49892E+02    0
   12   14        16   18       -0.92760         50.979         50.038         0.49788E+02    0.49788E+02    0
   12   14        18   20       -0.50703         53.502         52.930         0.47159E+02    0.47159E+02    0
   12   14        20   22       -0.90774         55.012         53.713         0.37973E+02    0.37973E+02    0
   12   14        22   24       -0.30081         58.352         57.689         0.26320E+02    0.26320E+02    0
   13   15        16   18       -0.75978         59.627         58.728         0.49985E+02    0.49985E+02    0
   13   15        18   20        0.87882         50.976         51.898         0.49008E+02    0.49008E+02    0
   13   15        20   22       -0.46384         53.158         52.590         0.43218E+02    0.43218E+02    0
   13   15        22   24       -0.42226         58.186         57.434         0.32498E+02    0.32498E+02    0
   13   15        24   17       -0.36326         47.799         47.452         0.49873E+02    0.49873E+02    0
   13   15        17   19       -0.30500         45.861         45.581         0.49738E+02    0.49738E+02    0
   13   15        19   21        0.10737         48.570         48.682         0.46613E+02    0.46613E+02    0
   13   15        21   23       -0.72880         63.109         61.972         0.40063E+02    0.40063E+02    0
   14   16        17   19       -1.58419         43.643         42.281         0.49972E+02    0.49972E+02    0
   14   16        19   21       -0.07927         42.490         42.421         0.48590E+02    0.48590E+02    0
   14   16        21   23       -1.10953         56.985         55.564         0.43946E+02    0.43946E+02    0
   14   16        23   18       -0.57549         47.439         46.894         0.49857E+02    0.49857E+02    0
   14   16        18   20       -0.16750         46.667         46.511         0.49747E+02    0.49747E+02    0
   14   16        20   22       -0.69501         47.053         46.353         0.46414E+02    0.46414E+02    0
   14   16        22   24       -0.94701         53.215         51.886         0.37433E+02    0.37433E+02    0
   15   17        18   20       -1.64222         61.684         59.690         0.49986E+02    0.49986E+02    0
   15   17        20   22        0.08192         49.450         49.533         0.48948E+02    0.48948E+02    0
   15   17        22   24       -0.85413         56.937         55.841         0.43937E+02    0.43937E+02    0
   15   17        24   19       -0.00897         49.067         49.058         0.49866E+02    0.49866E+02    0
   15   17        19   21        0.13027         46.195         46.316         0.49742E+02    0.49742E+02    0
   15   17        21   23       -0.63374         60.653         59.854         0.47747E+02    0.47747E+02    0
   16   18        19   21       -0.39587         39.025         38.717         0.49964E+02    0.49964E+02    0
   16   18        21   23       -0.66399         54.864         54.128         0.49140E+02    0.49140E+02    0
   16   18        23   20       -0.85684         45.284         44.511         0.49799E+02    0.49799E+02    0
   16   18        20   22       -0.18250         43.094         42.936         0.49704E+02    0.49704E+02    0
   16   18        22   24       -1.03462         52.522         51.380         0.47061E+02    0.47061E+02    0
   17   19        20   22       -1.14417         45.568         44.537         0.49974E+02    0.49974E+02    0
   17   19        22   24       -1.41682         55.518         53.941         0.49160E+02    0.49160E+02    0
   17   19        24   21       -0.99766         57.258         56.124         0.49874E+02    0.49874E+02    0
   17   19        21   23       -1.15868         58.759         57.409         0.49840E+02    0.49840E+02    0
   18   20        21   23       -1.67720         63.857         61.750         0.49987E+02    0.49987E+02    0
   18   20        23   22       -1.04312         62.535         61.236         0.49713E+02    0.49713E+02    0
   18   20        22   24        0.26065         58.126         58.430         0.49836E+02    0.49836E+02    0
   19   21        22   24       -0.24431         47.456         47.224         0.49976E+02    0.49976E+02    0
    5    7         3    2       -1.00148         44.211         43.325         0.49430E+02    0.49430E+02    0
    6    8         5    2       -0.61163         45.718         45.162         0.49978E+02    0.49978E+02    0
    7    9         5    2        0.19601         48.895         49.088         0.49827E+02    0.49827E+02    0
    8   10         7    2       -1.28284         53.743         52.381         0.49986E+02    0.49986E+02    0
    9   11         7    2       -0.58012         56.522         55.868         0.49899E+02    0.49899E+02    0
   10   12         9    2       -0.46179         50.163         49.702         0.49985E+02    0.49985E+02    0
   11   13         9    2       -0.79776         52.462         51.630         0.49894E+02    0.49894E+02    0
   12   14        11    2       -1.04476         46.082         45.129         0.49983E+02    0.49983E+02    0
   13   15        11    2       -1.00391         46.554         45.626         0.49873E+02    0.49873E+02    0
   14   16        13    2       -1.00137         42.046         41.212         0.49980E+02    0.49980E+02    0
   15   17        14    3       -1.60158         49.743         48.174         0.49985E+02    0.49985E+02    0
   16   18        15    4       -0.62671         57.629         56.911         0.49989E+02    0.49989E+02    0
   17   19        16    5       -1.32774         44.401         43.237         0.49982E+02    0.49982E+02    0
   18   20        17    6       -0.57799         59.128         58.449         0.49990E+02    0.49990E+02    0
   19   21        18    7       -0.22581         40.179         39.998         0.49978E+02    0.49978E+02    0
   20   22        19    8       -0.71325         46.323         45.667         0.49983E+02    0.49983E+02    0
   21   23        20    9       -1.19027         62.064         60.604         0.49991E+02    0.49991E+02    0
   22   24        21   10       -0.46258         49.060         48.608         0.49985E+02    0.49985E+02    0
