My beautiful survey

1	4	3	0	1

	115	30	<< numnp_x, numnp_y

-12.3145 -8.0430 -5.1953 -3.2969 -2.0312 -1.1875 -0.6250 -0.2500 -0.1875 -0.1250 -0.0625 0.0000 0.0625 0.1250 0.1875 0.2500 0.3125 0.3750 0.4375 0.5000 0.5625 0.6250 0.6875 0.7500 0.8125 0.8750 0.9375 1.0000 1.0625 1.1250 1.1875 1.2500 1.3125 1.3750 1.4375 1.5000 1.5625 1.6250 1.6875 1.7500 1.8125 1.8750 1.9375 2.0000 2.0625 2.1250 2.1875 2.2500 2.3125 2.3750 2.4375 2.5000 2.5625 2.6250 2.6875 2.7500 2.8125 2.8750 2.9375 3.0000 3.0625 3.1250 3.1875 3.2500 3.3125 3.3750 3.4375 3.5000 3.5625 3.6250 3.6875 3.7500 3.8125 3.8750 3.9375 4.0000 4.0625 4.1250 4.1875 4.2500 4.3125 4.3750 4.4375 4.5000 4.5625 4.6250 4.6875 4.7500 4.8125 4.8750 4.9375 5.0000 5.0625 5.1250 5.1875 5.2500 5.3125 5.3750 5.4375 5.5000 5.5625 5.6250 5.6875 5.7500 5.8125 5.8750 5.9375 6.0000 6.3750 6.9375 7.7812 9.0469 10.9453 13.7930 18.0645	<< xx 

0.0000 0.0000 0.0000 0.0000 0.0000 0.0000 0.0000 0.0000 0.0000 0.0000 0.0000 0.0000 0.0000 0.0000 0.0000 0.0000 0.0000 0.0000 0.0000 0.0000 0.0000 0.0000 0.0000 0.0000 0.0000 0.0000 0.0000 0.0000 0.0000 0.0000 0.0000 0.0000 0.0000 0.0000 0.0000 0.0000 0.0000 0.0000 0.0000 0.0000 0.0000 0.0000 0.0000 0.0000 0.0000 0.0000 0.0000 0.0000 0.0000 0.0000 0.0000 0.0000 0.0000 0.0000 0.0000 0.0000 0.0000 0.0000 0.0000 0.0000 0.0000 0.0000 0.0000 0.0000 0.0000 0.0000 0.0000 0.0000 0.0000 0.0000 0.0000 0.0000 0.0000 0.0000 0.0000 0.0000 0.0000 0.0000 0.0000 0.0000 0.0000 0.0000 0.0000 0.0000 0.0000 0.0000 0.0000 0.0000 0.0000 0.0000 0.0000 0.0000 0.0000 0.0000 0.0000 0.0000 0.0000 0.0000 0.0000 0.0000 0.0000 0.0000 0.0000 0.0000 0.0000 0.0000 0.0000 0.0000 0.0000 0.0000 0.0000 0.0000 0.0000 0.0000 0.0000	<< topo 

0.0000 0.0550 0.1155 0.1821 0.2553 0.3358 0.4244 0.5218 0.6290 0.7469 0.8766 1.0192 1.1761 1.3487 1.5386 1.7475 1.9772 2.2300 2.5080 2.8137 3.1501 3.5706 4.0962 4.7532 5.5744 6.6009 7.8841 9.4881 11.4930 13.9992	<< yy 

0 << num_regions
res0.dat

1	1	<< no. patches in x, no. patches in z
1	0	<< inverse_type, target_decrease

1	0	<< data type (0=normal;1=log), regularization type

1	10	1	1	<< tolerance, max_iterations, error_mod, alpha_aniso

0.01	0.02	-10000000000.0	10000000000.0	<<  a_wgt, b_wgt, rho_min, rho_max

5	<< num_poly
0.0	0.0
5.75	0.0
5.75	-2.5
0.0	-2.5
0.0	0.0

24	<< num_electrodes
1	12	1
2	16	1
3	20	1
4	24	1
5	28	1
6	32	1
7	36	1
8	40	1
9	44	1
10	48	1
11	52	1
12	56	1
13	60	1
14	64	1
15	68	1
16	72	1
17	76	1
18	80	1
19	84	1
20	88	1
21	92	1
22	96	1
23	100	1
24	104	1

