         140
    1      1      2      3      4   -0.2620081831E+02       72.78140
    2      2      3      4      5   -0.2627572400E+02       70.60073
    3      3      4      5      6   -0.2600470483E+02       69.20148
    4      4      5      6      7   -0.4645038628E+02       71.85350
    5      5      6      7      8   -0.1130446284E+01      101.12802
    6      6      7      8      9   -0.4490958774E+02       63.55770
    7      7      8      9     10   -0.2550884448E+02       70.85922
    8      8      9     10     11   -0.2807438684E+02       75.43359
    9      9     10     11     12   -0.3332575266E+02       88.68362
   10     10     11     12     13   -0.6708332138E+02      103.77031
   11     11     12     13     14   -0.9571278588E+00       85.62321
   12     12     13     14     15   -0.4295490646E+02       60.79136
   13     13     14     15     16   -0.2566811643E+02       71.30165
   14     14     15     16     17   -0.2766793131E+02       74.34148
   15     15     16     17     18   -0.3487547865E+02       92.80762
   16     16     17     18     19   -0.6618730759E+02      102.38428
   17     17     18     19     20   -0.1489409283E+01      133.24030
   18     18     19     20     21   -0.4663492729E+02       65.99946
   19     19     20     21     22   -0.2618771617E+02       72.74501
   20     20     21     22     23   -0.2625338693E+02       70.54071
   21     21     22     23     24   -0.2623394137E+02       69.81150
   22      1      2      4      5   -0.6601654435E+01       78.67709
   23      2      3      5      6   -0.6615527740E+01       73.32346
   24      3      4      6      7   -0.2110223347E+02       70.84619
   25      4      5      7      8   -0.1442330314E+01      101.29574
   26      5      6      8      9   -0.1560312154E+01       86.66239
   27      6      7      9     10   -0.2059286675E+02       65.56739
   28      7      8     10     11   -0.7303258526E+01       87.03866
   29      8      9     11     12   -0.7897417150E+01       87.53133
   30      9     10     12     13   -0.2180270097E+02       73.19786
   31     10     11     13     14   -0.2637994570E+01      185.26796
   32     11     12     14     15   -0.9820924711E+00       54.54709
   33     12     13     15     16   -0.1583995487E+02       50.43419
   34     13     14     16     17   -0.7098892193E+01       84.60306
   35     14     15     17     18   -0.8173319088E+01       90.58930
   36     15     16     18     19   -0.2226870384E+02       74.76236
   37     16     17     19     20   -0.1010928979E+01       70.99816
   38     17     18     20     21   -0.2035925696E+01      113.07878
   39     18     19     21     22   -0.2191253570E+02       69.76920
   40     19     20     22     23   -0.6599998777E+01       78.65736
   41     20     21     23     24   -0.6629573291E+01       73.47913
   42      1      2      5      6   -0.2668710527E+01       85.73553
   43      2      3      6      7   -0.1494151948E+02       65.05100
   44      3      4      7      8   -0.7290806795E+00      299.30509
   45      4      5      8      9   -0.8804193239E+00      105.92751
   46      5      6      9     10   -0.1109700892E+01      103.10889
   47      6      7     10     11   -0.2062180397E+02       95.55129
   48      7      8     11     12   -0.3061974226E+01       98.36960
   49      8      9     12     13   -0.1378913333E+02       60.03385
   50      9     10     13     14   -0.7794890668E+00      319.99894
   51     10     11     14     15   -0.3231229863E+01      388.76489
   52     11     12     15     16    0.8311405347E+00      -77.22620
   53     12     13     16     17   -0.1227693912E+02       56.88529
   54     13     14     17     18   -0.3152860569E+01      101.28943
   55     14     15     18     19   -0.1410141012E+02       61.39341
   56     15     16     19     20   -0.4210939785E+00      172.86917
   57     16     17     20     21    0.1169624402E+00      -14.07232
   58     17     18     21     22   -0.1388120999E+01      128.97856
   59     18     19     22     23   -0.1617710702E+02       74.95675
   60     19     20     23     24   -0.2675504553E+01       85.95379
   61      1      2      6      7   -0.8904332426E+01       53.70769
   62      2      3      7      8    0.3354824879E+01       56.44863
   63      3      4      8      9    0.3267422249E+01       64.64606
   64      4      5      9     10    0.3205951756E+01       68.53609
   65      5      6     10     11    0.3757717508E+01       83.24848
   66      6      7     11     12   -0.7695395251E+01       61.31841
   67      7      8     12     13   -0.8162308061E+01       49.23207
   68      8      9     13     14    0.3416854224E+01       57.49234
   69      9     10     14     15    0.2915138714E+01       57.67612
   70     10     11     15     16    0.2025422491E+00        4.32990
   71     11     12     16     17    0.6310318147E+01      139.79880
   72     12     13     17     18   -0.1488388247E+02      118.59768
   73     13     14     18     19   -0.8330718888E+01       50.24787
   74     14     15     19     20    0.3431752709E+01       57.74302
   75     15     16     20     21    0.3678355406E+01       72.77639
   76     16     17     21     22    0.4860451523E+01      103.90560
   77     17     18     22     23    0.3444131325E+01       76.30129
   78     18     19     23     24   -0.9489946242E+01       75.61774
   79      1      2      7      8    0.7369086704E+01       60.80706
   80      2      3      8      9    0.7334103130E+01       66.35116
   81      3      4      9     10    0.7538890229E+01       72.03286
   82      4      5     10     11    0.9018771152E+01       88.23925
   83      5      6     11     12    0.8357631957E+01       82.68314
   84      6      7     12     13    0.5785139087E+02       68.77008
   85      7      8     13     14    0.7364682646E+01       60.77072
   86      8      9     14     15    0.7358786056E+01       66.57446
   87      9     10     15     16    0.5465417497E+01       52.22117
   88     10     11     16     17    0.9493200768E+01       92.88105
   89     11     12     17     18    0.7038029538E+01       69.62814
   90     12     13     18     19    0.4877044420E+02       57.97523
   91     13     14     19     20    0.7377090174E+01       60.87310
   92     14     15     20     21    0.7350527788E+01       66.49975
   93     15     16     21     22    0.7611768207E+01       72.72919
   94     16     17     22     23    0.8889364495E+01       86.97314
   95     17     18     23     24    0.8465232291E+01       83.74765
   96      1      2      8      9    0.3418306526E+01       57.51678
   97      2      3      9     10    0.3641097643E+01       72.03924
   98      3      4     10     11    0.4923949599E+01      105.26305
   99      4      5     11     12    0.3321399313E+01       73.58229
  100      5      6     12     13   -0.6748913966E+01       85.91434
  101      6      7     13     14   -0.5547064191E+01       40.40179
  102      7      8     14     15    0.3404760166E+01       57.28884
  103      8      9     15     16    0.2848518423E+01       56.35803
  104      9     10     16     17    0.1052811926E+00        2.25068
  105     10     11     17     18    0.7151594026E+01      158.43643
  106     11     12     18     19   -0.1041358065E+02      132.56591
  107     12     13     19     20   -0.5512520931E+01       40.15020
  108     13     14     20     21    0.3372838986E+01       56.75174
  109     14     15     21     22    0.3292548956E+01       65.14319
  110     15     16     22     23    0.3283916612E+01       70.20281
  111     16     17     23     24    0.3628216049E+01       80.37950
  112      1      2      9     10   -0.4437044840E+00      182.15132
  113      2      3     10     11    0.8882942934E-01      -10.68750
  114      3      4     11     12   -0.1437300696E+01      133.54813
  115      4      5     12     13   -0.1064234500E+02       85.11886
  116      5      6     13     14   -0.1487000413E+00     -452.40305
  117      6      7     14     15   -0.8125788755E+01       49.87723
  118      7      8     15     16   -0.8213998745E+00      337.20433
  119      8      9     16     17   -0.3084294719E+01      371.08641
  120      9     10     17     18    0.8632881463E+00      -80.21322
  121     10     11     18     19   -0.7827645238E+01       62.60652
  122     11     12     19     20    0.6783805420E-01      206.38960
  123     12     13     20     21   -0.8544254350E+01       52.44583
  124     13     14     21     22   -0.7199249766E+00      295.54645
  125     14     15     22     23   -0.8671330124E+00      104.32897
  126     15     16     23     24   -0.1124106805E+01      104.44743
  127      1      2     10     11   -0.1063148179E+01       74.66554
  128      2      3     11     12   -0.2023688256E+01      112.39909
  129      3      4     12     13   -0.9382132812E+01       83.68257
  130      4      5     13     14   -0.8388523665E-02       -2.70423
  131      5      6     14     15    0.7632927931E-02        3.24412
  132      6      7     15     16   -0.6593070455E+01       49.00729
  133      7      8     16     17   -0.2526583156E+01      177.44347
  134      8      9     17     18   -0.9967470913E+00       55.36103
  135      9     10     18     19   -0.4745066033E+01       42.32292
  136     10     11     19     20   -0.2640008449E+00      -85.10655
  137     11     12     20     21    0.3675124496E+00      156.19863
  138     12     13     21     22   -0.7640744600E+01       56.79482
  139     13     14     22     23   -0.1437863439E+01      100.98202
  140     14     15     23     24   -0.1564982274E+01       86.92178
