332
1	1 1	1 2	1 3	1 4	-51.274212111330804
2	1 2	1 3	1 4	1 5	-41.654267969304954
3	1 3	1 4	1 5	1 6	-55.40279177840415
4	1 4	1 5	1 6	1 7	-95.69014419112912
5	1 5	1 6	1 7	1 8	-24.567700501915144
6	1 6	1 7	1 8	1 9	-36.00364935581984
7	1 7	1 8	1 9	1 10	-100.03381746864386
8	1 8	1 9	1 10	1 11	-43.159543835810844
9	1 9	1 10	1 11	1 12	-46.442837946527284
10	1 10	1 11	1 12	1 13	-91.55163171012818
11	1 11	1 12	1 13	1 14	-0.00478576849777353
12	1 12	1 13	1 14	1 15	-211.97712828809475
13	1 13	1 14	1 15	1 16	-42.123356388301225
14	1 14	1 15	1 16	1 17	-51.96768047534874
15	1 15	1 16	1 17	1 18	-60.37489105238973
16	1 16	1 17	1 18	1 19	-78.31823338754016
17	1 17	1 18	1 19	1 20	-43.08873428193253
18	1 18	1 19	1 20	1 21	-35.58004174890879
19	1 19	1 20	1 21	1 22	-99.82988322687478
20	1 20	1 21	1 22	1 23	-55.30992513248157
21	1 21	1 22	1 23	1 24	-51.58347757713555
22	1 22	1 23	1 24	1 25	-73.31139638123574
23	1 23	1 24	1 25	1 26	-0.016231257005203528
24	1 24	1 25	1 26	1 27	-241.7894248693161
25	1 25	1 26	1 27	1 28	-39.10358503486888
26	1 26	1 27	1 28	1 29	-64.25263058284844
27	1 27	1 28	1 29	1 30	-19.005212879216376
28	1 28	1 29	1 30	1 31	-46.686153140545
29	1 29	1 30	1 31	1 32	-37.15913855055933
30	1 30	1 31	1 32	1 33	-17.024146792221963
31	1 31	1 32	1 33	1 34	-59.964138426678
32	1 32	1 33	1 34	1 35	-24.73112577920647
33	1 33	1 34	1 35	1 36	-49.639547880595735
34	1 34	1 35	1 36	1 37	-107.00049026465366
35	1 35	1 36	1 37	1 38	-0.011619938112416805
36	1 36	1 37	1 38	1 39	-237.14421527808807
37	1 37	1 38	1 39	1 40	-32.1868914717491
38	1 38	1 39	1 40	1 41	-55.102628328687786
39	1 39	1 40	1 41	1 42	-57.04056419538096
40	1 40	1 41	1 42	1 43	-74.50981417004039
41	1 41	1 42	1 43	1 44	-39.96222144488614
42	1 42	1 43	1 44	1 45	-36.346494234631834
43	1 43	1 44	1 45	1 46	-68.06081009059773
44	1 44	1 45	1 46	1 47	-69.58095146970419
45	1 45	1 46	1 47	1 48	-43.85996718835438
46	1 1	1 2	1 4	1 5	-9.167919739365363
47	1 2	1 3	1 5	1 6	-10.521229957977503
48	1 3	1 4	1 6	1 7	-18.77326633796451
49	1 4	1 5	1 7	1 8	-11.0826533172265
50	1 5	1 6	1 8	1 9	-4.72764029894117
51	1 6	1 7	1 9	1 10	-18.58503379719169
52	1 7	1 8	1 10	1 11	-29.428723913851695
53	1 8	1 9	1 11	1 12	-12.509640811008198
54	1 9	1 10	1 12	1 13	-29.768375550751884
55	1 10	1 11	1 13	1 14	-0.00711567281316877
56	1 11	1 12	1 14	1 15	-0.012677788820450744
57	1 12	1 13	1 15	1 16	-73.64006274523051
58	1 13	1 14	1 16	1 17	-11.35930393467338
59	1 14	1 15	1 17	1 18	-15.732169277995638
60	1 15	1 16	1 18	1 19	-23.667161055142
61	1 16	1 17	1 19	1 20	-16.39859405965494
62	1 17	1 18	1 20	1 21	-9.040565722452957
63	1 18	1 19	1 21	1 22	-18.510384387599277
64	1 19	1 20	1 22	1 23	-33.53354457458906
65	1 20	1 21	1 23	1 24	-15.046032795687992
66	1 21	1 22	1 24	1 25	-26.649172917316367
67	1 22	1 23	1 25	1 26	-0.011334925169605159
68	1 23	1 24	1 26	1 27	-0.040022359117462845
69	1 24	1 25	1 27	1 28	-66.69292736026257
70	1 25	1 26	1 28	1 29	-10.721461617733826
71	1 26	1 27	1 29	1 30	-5.289406898334282
72	1 27	1 28	1 30	1 31	-8.011232251592618
73	1 28	1 29	1 31	1 32	-18.009989293197535
74	1 29	1 30	1 32	1 33	-3.3798579556483506
75	1 30	1 31	1 33	1 34	-9.812737709775538
76	1 31	1 32	1 34	1 35	-19.38519077942512
77	1 32	1 33	1 35	1 36	-5.865566559327325
78	1 33	1 34	1 36	1 37	-40.08040754147417
79	1 34	1 35	1 37	1 38	-0.016319772796194055
80	1 35	1 36	1 38	1 39	-0.03979779624813043
81	1 36	1 37	1 39	1 40	-69.3070271478159
82	1 37	1 38	1 40	1 41	-8.560053445985059
83	1 38	1 39	1 41	1 42	-15.087644882187337
84	1 39	1 40	1 42	1 43	-20.508879371420996
85	1 40	1 41	1 43	1 44	-14.899923114923231
86	1 41	1 42	1 44	1 45	-7.924494206231588
87	1 42	1 43	1 45	1 46	-12.345214249765176
88	1 43	1 44	1 46	1 47	-18.934649070416825
89	1 44	1 45	1 47	1 48	-15.085352198086747
90	1 1	1 2	1 5	1 6	-2.4831736995093507
91	1 2	1 3	1 6	1 7	-4.883143828803857
92	1 3	1 4	1 7	1 8	-3.912145717135954
93	1 4	1 5	1 8	1 9	-2.711071043863739
94	1 5	1 6	1 9	1 10	-2.6383534839205356
95	1 6	1 7	1 10	1 11	-6.803630450620081
96	1 7	1 8	1 11	1 12	-7.534610711752083
97	1 8	1 9	1 12	1 13	-12.638460238905687
98	1 9	1 10	1 13	1 14	-0.0022193631509953514
99	1 10	1 11	1 14	1 15	-0.018658430150197938
100	1 11	1 12	1 15	1 16	-0.01168006044765553
101	1 12	1 13	1 16	1 17	-29.505353467265575
102	1 13	1 14	1 17	1 18	-3.327699075972865
103	1 14	1 15	1 18	1 19	-7.198405010813407
104	1 15	1 16	1 19	1 20	-7.5045964206231766
105	1 16	1 17	1 20	1 21	-4.43065862134979
106	1 17	1 18	1 21	1 22	-5.141706301857486
107	1 18	1 19	1 22	1 23	-8.75302435948101
108	1 19	1 20	1 23	1 24	-10.262141250985188
109	1 20	1 21	1 24	1 25	-14.034932817470374
110	1 21	1 22	1 25	1 26	-0.0027111932202206067
111	1 22	1 23	1 26	1 27	-0.025630391883262618
112	1 23	1 24	1 27	1 28	-0.06216394098686388
113	1 24	1 25	1 28	1 29	-33.80290616478493
114	1 25	1 26	1 29	1 30	-1.2938688987798155
115	1 26	1 27	1 30	1 31	-3.000772506483565
116	1 27	1 28	1 31	1 32	-3.8941108897228145
117	1 28	1 29	1 32	1 33	-2.3045150304513315
118	1 29	1 30	1 33	1 34	-2.1488051000400312
119	1 30	1 31	1 34	1 35	-5.2775560925666944
120	1 31	1 32	1 35	1 36	-5.13770973687104
121	1 32	1 33	1 36	1 37	-7.76444874877531
122	1 33	1 34	1 37	1 38	-0.018521970452850308
123	1 34	1 35	1 38	1 39	-0.05510969865338001
124	1 35	1 36	1 39	1 40	-0.024831707597388352
125	1 36	1 37	1 40	1 41	-24.96424287579004
126	1 37	1 38	1 41	1 42	-2.7228333418671613
127	1 38	1 39	1 42	1 43	-6.6233155945841995
128	1 39	1 40	1 43	1 44	-5.750590597580334
129	1 40	1 41	1 44	1 45	-3.665807952120732
130	1 41	1 42	1 45	1 46	-3.713778243731423
131	1 42	1 43	1 46	1 47	-5.8187636238001765
132	1 43	1 44	1 47	1 48	-5.7287251519962545
133	1 1	1 2	1 6	1 7	-1.1264102437427659
134	1 2	1 3	1 7	1 8	-1.4730507414285712
135	1 3	1 4	1 8	1 9	-1.272090600599757
136	1 4	1 5	1 9	1 10	-1.4888491526898526
137	1 5	1 6	1 10	1 11	-1.4850204541085479
138	1 6	1 7	1 11	1 12	-2.3998797252623603
139	1 7	1 8	1 12	1 13	-9.08717138940102
140	1 8	1 9	1 13	1 14	0.0016931068939933533
141	1 9	1 10	1 14	1 15	-4.1253243224885436e-05
142	1 10	1 11	1 15	1 16	-0.017281085026473433
143	1 11	1 12	1 16	1 17	0.011339180775258877
144	1 12	1 13	1 17	1 18	-17.01378456765314
145	1 13	1 14	1 18	1 19	-1.560742739376668
146	1 14	1 15	1 19	1 20	-2.7590421655388773
147	1 15	1 16	1 20	1 21	-2.502933676649337
148	1 16	1 17	1 21	1 22	-2.58545867384191
149	1 17	1 18	1 22	1 23	-2.9286433039994106
150	1 18	1 19	1 23	1 24	-3.5810926190147137
151	1 19	1 20	1 24	1 25	-12.038492838534392
152	1 20	1 21	1 25	1 26	0.01333260123976863
153	1 21	1 22	1 26	1 27	-0.000613004339362891
154	1 22	1 23	1 27	1 28	-0.03966123959510777
155	1 23	1 24	1 28	1 29	-0.10007858438421131
156	1 24	1 25	1 29	1 30	-7.949542958163171
157	1 25	1 26	1 30	1 31	-0.9088639418301148
158	1 26	1 27	1 31	1 32	-1.7404026136998276
159	1 27	1 28	1 32	1 33	-0.789671327061275
160	1 28	1 29	1 33	1 34	-1.8471551853215147
161	1 29	1 30	1 34	1 35	-1.2727671861019256
162	1 30	1 31	1 35	1 36	-2.0135883098628997
163	1 31	1 32	1 36	1 37	-8.302194546055302
164	1 32	1 33	1 37	1 38	0.0015906518030516432
165	1 33	1 34	1 38	1 39	-0.06291058801101997
166	1 34	1 35	1 39	1 40	-0.03124069498125636
167	1 35	1 36	1 40	1 41	0.0005654204536076078
168	1 36	1 37	1 41	1 42	-13.888217092545814
169	1 37	1 38	1 42	1 43	-1.419656073808033
170	1 38	1 39	1 43	1 44	-2.290495204128918
171	1 39	1 40	1 44	1 45	-1.8475196125463627
172	1 40	1 41	1 45	1 46	-1.9442139574000024
173	1 41	1 42	1 46	1 47	-2.0931797067194617
174	1 42	1 43	1 47	1 48	-2.269598388522735
175	1 1	1 2	1 7	1 8	-0.37206290489453997
176	1 2	1 3	1 8	1 9	-0.5850602858186515
177	1 3	1 4	1 9	1 10	-0.8306160181836331
178	1 4	1 5	1 10	1 11	-0.9099594012685126
179	1 5	1 6	1 11	1 12	-0.6800577809809109
180	1 6	1 7	1 12	1 13	-5.11687732487947
181	1 7	1 8	1 13	1 14	0.005081583899097145
182	1 8	1 9	1 14	1 15	0.01611716570940689
183	1 9	1 10	1 15	1 16	0.011278728050050278
184	1 10	1 11	1 16	1 17	0.018005422199413094
185	1 11	1 12	1 17	1 18	0.02654523547672364
186	1 12	1 13	1 18	1 19	-12.965179194791729
187	1 13	1 14	1 19	1 20	-0.5990909606426832
188	1 14	1 15	1 20	1 21	-1.0467771772036791
189	1 15	1 16	1 21	1 22	-1.5880467862566496
190	1 16	1 17	1 22	1 23	-1.6445289949252113
191	1 17	1 18	1 23	1 24	-1.4110822182676417
192	1 18	1 19	1 24	1 25	-7.662780323113887
193	1 19	1 20	1 25	1 26	0.035192352891009394
194	1 20	1 21	1 26	1 27	0.04378751385851493
195	1 21	1 22	1 27	1 28	-0.006743762959709022
196	1 22	1 23	1 28	1 29	-0.058027428662800466
197	1 23	1 24	1 29	1 30	-0.01206940453271669
198	1 24	1 25	1 30	1 31	-8.984746263279831
199	1 25	1 26	1 31	1 32	-0.4981464044084464
200	1 26	1 27	1 32	1 33	-0.4186101422502745
201	1 27	1 28	1 33	1 34	-0.7857931887039104
202	1 28	1 29	1 34	1 35	-1.2756718566535439
203	1 29	1 30	1 35	1 36	-0.555488255422012
204	1 30	1 31	1 36	1 37	-6.0796993839939635
205	1 31	1 32	1 37	1 38	0.01981637775714067
206	1 32	1 33	1 38	1 39	0.00698891991034796
207	1 33	1 34	1 39	1 40	-0.04034248842249451
208	1 34	1 35	1 40	1 41	0.005406171455567477
209	1 35	1 36	1 41	1 42	0.010776659389202966
210	1 36	1 37	1 42	1 43	-11.156424821844507
211	1 37	1 38	1 43	1 44	-0.5244305884476783
212	1 38	1 39	1 44	1 45	-0.7961933571847132
213	1 39	1 40	1 45	1 46	-1.0575036619129272
214	1 40	1 41	1 46	1 47	-1.193605018721785
215	1 41	1 42	1 47	1 48	-0.9349912787863645
216	1 1	1 2	1 8	1 9	-0.14873191276081035
217	1 2	1 3	1 9	1 10	-0.38957093741687165
218	1 3	1 4	1 10	1 11	-0.6408833756640071
219	1 4	1 5	1 11	1 12	-0.4595997510741706
220	1 5	1 6	1 12	1 13	-2.214624629436006
221	1 6	1 7	1 13	1 14	0.010318717863419147
222	1 7	1 8	1 14	1 15	0.034717362038290345
223	1 8	1 9	1 15	1 16	0.036604227438296284
224	1 9	1 10	1 16	1 17	0.03604042428125217
225	1 10	1 11	1 17	1 18	0.04144246431644228
226	1 11	1 12	1 18	1 19	0.07725328270883111
227	1 12	1 13	1 19	1 20	-8.571393821555448
228	1 13	1 14	1 20	1 21	-0.2241790693194324
229	1 14	1 15	1 21	1 22	-0.6749549613813957
230	1 15	1 16	1 22	1 23	-1.0719711778637513
231	1 16	1 17	1 23	1 24	-0.8711433182959576
232	1 17	1 18	1 24	1 25	-4.636358033870698
233	1 18	1 19	1 25	1 26	0.09079691650485128
234	1 19	1 20	1 26	1 27	0.11050984142303749
235	1 20	1 21	1 27	1 28	0.05682092001258327
236	1 21	1 22	1 28	1 29	-0.003969391733573726
237	1 22	1 23	1 29	1 30	0.02849105879231415
238	1 23	1 24	1 30	1 31	0.08346015703181196
239	1 24	1 25	1 31	1 32	-7.620618070437087
240	1 25	1 26	1 32	1 33	-0.1415755576272749
241	1 26	1 27	1 33	1 34	-0.46059277099094836
242	1 27	1 28	1 34	1 35	-0.6308627149386363
243	1 28	1 29	1 35	1 36	-0.6522100672051147
244	1 29	1 30	1 36	1 37	-1.7533794982773423
245	1 30	1 31	1 37	1 38	0.011669043323608566
246	1 31	1 32	1 38	1 39	0.06757969261583073
247	1 32	1 33	1 39	1 40	0.03127760684307986
248	1 33	1 34	1 40	1 41	-0.002478377634558797
249	1 34	1 35	1 41	1 42	0.02192991366631814
250	1 35	1 36	1 42	1 43	0.06865208118974743
251	1 36	1 37	1 43	1 44	-6.8192493251091815
252	1 37	1 38	1 44	1 45	-0.20706359570462438
253	1 38	1 39	1 45	1 46	-0.4961505213178482
254	1 39	1 40	1 46	1 47	-0.7476272112171991
255	1 40	1 41	1 47	1 48	-0.5669298488859119
256	1 1	1 2	1 9	1 10	-0.10829352920421773
257	1 2	1 3	1 10	1 11	-0.3243513373204849
258	1 3	1 4	1 11	1 12	-0.3562096380596888
259	1 4	1 5	1 12	1 13	-1.8211821930922296
260	1 5	1 6	1 13	1 14	0.014688131966050998
261	1 6	1 7	1 14	1 15	0.05851786603179839
262	1 7	1 8	1 15	1 16	0.07130110265242506
263	1 8	1 9	1 16	1 17	0.05407983864854482
264	1 9	1 10	1 17	1 18	0.05757388347283314
265	1 10	1 11	1 18	1 19	0.11520834363714393
266	1 11	1 12	1 19	1 20	0.14358030698330831
267	1 12	1 13	1 20	1 21	-4.777929407798772
268	1 13	1 14	1 21	1 22	-0.14435316348613259
269	1 14	1 15	1 22	1 23	-0.4932770464776296
270	1 15	1 16	1 23	1 24	-0.606753609651437
271	1 16	1 17	1 24	1 25	-3.6653811990444503
272	1 17	1 18	1 25	1 26	0.11184718984037594
273	1 18	1 19	1 26	1 27	0.2652320304885943
274	1 19	1 20	1 27	1 28	0.13172444481085543
275	1 20	1 21	1 28	1 29	0.09649961199256808
276	1 21	1 22	1 29	1 30	0.059741940079528995
277	1 22	1 23	1 30	1 31	0.1924064906751367
278	1 23	1 24	1 31	1 32	0.035812771057107395
279	1 24	1 25	1 32	1 33	-2.9967413070266247
280	1 25	1 26	1 33	1 34	-0.16698391999158563
281	1 26	1 27	1 34	1 35	-0.40189765333883143
282	1 27	1 28	1 35	1 36	-0.35015230987524776
283	1 28	1 29	1 36	1 37	-1.3585075390492383
284	1 29	1 30	1 37	1 38	0.017484840792011763
285	1 30	1 31	1 38	1 39	0.04415500844584167
286	1 31	1 32	1 39	1 40	0.11930238569576915
287	1 32	1 33	1 40	1 41	0.04700607613886072
288	1 33	1 34	1 41	1 42	0.012782590617781229
289	1 34	1 35	1 42	1 43	0.1066147006071601
290	1 35	1 36	1 43	1 44	0.1256695840074946
291	1 36	1 37	1 44	1 45	-3.638106350809805
292	1 37	1 38	1 45	1 46	-0.13329608645283597
293	1 38	1 39	1 46	1 47	-0.38567790959832843
294	1 39	1 40	1 47	1 48	-0.384982352295636
295	1 1	1 2	1 10	1 11	-0.09937451986629553
296	1 2	1 3	1 11	1 12	-0.19200232677715934
297	1 3	1 4	1 12	1 13	-1.255889393241409
298	1 4	1 5	1 13	1 14	0.015051803350832503
299	1 5	1 6	1 14	1 15	0.07155732669867154
300	1 6	1 7	1 15	1 16	0.10747357832006099
301	1 7	1 8	1 16	1 17	0.09907710292033149
302	1 8	1 9	1 17	1 18	0.07776953852935906
303	1 9	1 10	1 18	1 19	0.11554726431413569
304	1 10	1 11	1 19	1 20	0.21158163285971984
305	1 11	1 12	1 20	1 21	0.14868854634225642
306	1 12	1 13	1 21	1 22	-3.7713770076749746
307	1 13	1 14	1 22	1 23	-0.11284848504309411
308	1 14	1 15	1 23	1 24	-0.2829580315233308
309	1 15	1 16	1 24	1 25	-3.7180293481789026
310	1 16	1 17	1 25	1 26	0.14094219771393054
311	1 17	1 18	1 26	1 27	0.3289449456059159
312	1 18	1 19	1 27	1 28	0.3182912716529361
313	1 19	1 20	1 28	1 29	0.21275739595808335
314	1 20	1 21	1 29	1 30	0.12298841854880847
315	1 21	1 22	1 30	1 31	0.25598367941186967
316	1 22	1 23	1 31	1 32	0.21275771010484626
317	1 23	1 24	1 32	1 33	0.10202472602224903
318	1 24	1 25	1 33	1 34	-3.913625891445646
319	1 25	1 26	1 34	1 35	-0.138428782146203
320	1 26	1 27	1 35	1 36	-0.21985419363974612
321	1 27	1 28	1 36	1 37	-0.8566138270072432
322	1 28	1 29	1 37	1 38	0.043641100110372213
323	1 29	1 30	1 38	1 39	0.05904764369800329
324	1 30	1 31	1 39	1 40	0.10416078517721739
325	1 31	1 32	1 40	1 41	0.13029852430697547
326	1 32	1 33	1 41	1 42	0.0677161749575301
327	1 33	1 34	1 42	1 43	0.09425523243372495
328	1 34	1 35	1 43	1 44	0.18698203181408996
329	1 35	1 36	1 44	1 45	0.1712632542138358
330	1 36	1 37	1 45	1 46	-2.9754365076073928
331	1 37	1 38	1 46	1 47	-0.10573953195450436
332	1 38	1 39	1 47	1 48	-0.2069500334342959
